"postal","city","lat","lng","state","country"
1000,"Brussel",50.8427501,4.3515499,"Vlaams-Brabant","België"
1020,"Laken",50.8842180,4.3580002,"Vlaams-Brabant","België"
1030,"Schaarbeek",50.8674400,4.3772700,"Vlaams-Brabant","België"
1040,"Etterbeek",50.8325900,4.3889900,"Vlaams-Brabant","België"
1050,"Elsene",50.8270563,4.3723080,"Vlaams-Brabant","België"
1060,"Sint-Gillis",50.8301436,4.3402184,"Vlaams-Brabant","België"
1070,"Anderlecht",50.8365808,4.3081870,"Vlaams-Brabant","België"
1080,"Sint-Jans-Molenbeek",50.8522009,4.3303277,"Vlaams-Brabant","België"
1081,"Koekelberg",50.8633811,4.3303380,"Vlaams-Brabant","België"
1082,"Sint-Agatha-Berchem",50.8657821,4.2925975,"Vlaams-Brabant","België"
1083,"Ganshoren",50.8711300,4.3025300,"Vlaams-Brabant","België"
1090,"Jette",50.8808582,4.3227894,"Vlaams-Brabant","België"
1120,"Neder-Over-Heembeek",50.8962200,4.3718800,"Vlaams-Brabant","België"
1130,"Haren",50.8922905,4.4176727,"Vlaams-Brabant","België"
1140,"Evere",50.8739353,4.4009421,"Vlaams-Brabant","België"
1150,"Sint-Pieters-Woluwe",50.8299809,4.4335038,"Vlaams-Brabant","België"
1160,"Oudergem",50.8164300,4.4264900,"Vlaams-Brabant","België"
1170,"Watermaal-Bosvoorde",50.7881573,4.4180065,"Vlaams-Brabant","België"
1180,"Ukkel",50.8024100,4.3406700,"Vlaams-Brabant","België"
1190,"Vorst",50.8174500,4.3267500,"Vlaams-Brabant","België"
1200,"Sint-Lambrechts-Woluwe",50.8489094,4.4320883,"Vlaams-Brabant","België"
1210,"Sint-Joost-Ten-Noode",50.8537715,4.3704657,"Vlaams-Brabant","België"
1300,"Limal",50.6934506,4.5732954,"Waals-Brabant","België"
1300,"Wavre",50.7158951,4.6128257,"Waals-Brabant","België"
1301,"Bierges",50.7113795,4.5871684,"Waals-Brabant","België"
1310,"La Hulpe",50.7309955,4.4856707,"Waals-Brabant","België"
1315,"Glimes",50.6796000,4.8377400,"Waals-Brabant","België"
1315,"Incourt",50.6918800,4.7966000,"Waals-Brabant","België"
1315,"Opprebais",50.6794600,4.7981900,"Waals-Brabant","België"
1315,"Piètrebais",50.7279600,4.7638100,"Waals-Brabant","België"
1315,"Roux-Miroir",50.7081100,4.7851300,"Waals-Brabant","België"
1320,"Beauvechain",50.7586100,4.7683330,"Waals-Brabant","België"
1320,"Hamme-Mille",50.7795300,4.7169400,"Waals-Brabant","België"
1320,"L'ecluse",50.7718400,4.8318300,"Waals-Brabant","België"
1320,"Nodebais",50.7731900,4.7355500,"Waals-Brabant","België"
1320,"Tourinnes-La-Grosse",50.7828100,4.7444500,"Waals-Brabant","België"
1325,"Bonlez",50.7019300,4.6894800,"Waals-Brabant","België"
1325,"Chaumont-Gistoux",50.6768700,4.7194300,"Waals-Brabant","België"
1325,"Corroy-Le-Grand",50.6620600,4.6745800,"Waals-Brabant","België"
1325,"Dion-Valmont",50.6974838,4.6588254,"Waals-Brabant","België"
1325,"Longueville",50.7023100,4.7401400,"Waals-Brabant","België"
1330,"Rixensart",50.7109736,4.5306325,"Waals-Brabant","België"
1331,"Rosières",50.7301500,4.5444100,"Waals-Brabant","België"
1332,"Genval",50.7211000,4.4938800,"Waals-Brabant","België"
1340,"Ottignies",50.6654650,4.5669046,"Waals-Brabant","België"
1340,"Ottignies-Louvain-La-Neuve",50.6672105,4.5859684,"Waals-Brabant","België"
1341,"Céroux-Mousty",50.6603690,4.5204882,"Waals-Brabant","België"
1342,"Limelette",50.6703046,4.5659574,"Waals-Brabant","België"
1348,"Louvain-La-Neuve",50.6680810,4.6118324,"Waals-Brabant","België"
1350,"Enines",50.6936600,4.9265500,"Waals-Brabant","België"
1350,"Folx-Les-Caves",50.6604200,4.9376000,"Waals-Brabant","België"
1350,"Jandrain-Jandrenouille",50.6736800,4.9796900,"Waals-Brabant","België"
1350,"Jauche",50.6829800,4.9547000,"Waals-Brabant","België"
1350,"Marilles",50.7071600,4.9527400,"Waals-Brabant","België"
1350,"Noduwez",50.7296034,4.9638247,"Waals-Brabant","België"
1350,"Orp-Jauche",50.6829800,4.9547000,"Waals-Brabant","België"
1350,"Orp-Le-Grand",50.7038000,4.9907420,"Waals-Brabant","België"
1357,"HÉlÉcine",50.7497791,4.9829359,"Waals-Brabant","België"
1357,"Linsmeau",50.7335692,5.0029743,"Waals-Brabant","België"
1357,"Neerheylissem",50.7551532,4.9872002,"Waals-Brabant","België"
1357,"Opheylissem",50.7477492,4.9774665,"Waals-Brabant","België"
1360,"Malèves-Sainte-Marie-Wastines",50.6550300,4.7794300,"Waals-Brabant","België"
1360,"Orbais",50.6375700,4.7632300,"Waals-Brabant","België"
1360,"Perwez",50.6239500,4.8150300,"Waals-Brabant","België"
1360,"Thorembais-Les-Béguines",50.6579900,4.8172800,"Waals-Brabant","België"
1360,"Thorembais-Saint-Trond",50.6346500,4.7864600,"Waals-Brabant","België"
1367,"Autre-Eglise",50.6692600,4.9037500,"Waals-Brabant","België"
1367,"Bomal",50.6711000,4.8733200,"Waals-Brabant","België"
1367,"Geest-Gérompont-Petit-Rosière",50.6408800,4.8574400,"Waals-Brabant","België"
1367,"Gérompont",50.6484700,4.8816900,"Waals-Brabant","België"
1367,"Grand-Rosière-Hottomont",50.6319864,4.8661554,"Waals-Brabant","België"
1367,"Huppaye",50.6934700,4.8938300,"Waals-Brabant","België"
1367,"Mont-Saint-André",50.6552400,4.8645100,"Waals-Brabant","België"
1367,"Ramillies",50.6367900,4.9145100,"Waals-Brabant","België"
1370,"Dongelberg",50.7033800,4.8200700,"Waals-Brabant","België"
1370,"Jauchelette",50.6863100,4.8435800,"Waals-Brabant","België"
1370,"Jodoigne",50.7233600,4.8711500,"Waals-Brabant","België"
1370,"Jodoigne-Souveraine",50.7089800,4.8367800,"Waals-Brabant","België"
1370,"Lathuy",50.7236600,4.8261300,"Waals-Brabant","België"
1370,"Mélin",50.7397900,4.8285200,"Waals-Brabant","België"
1370,"Piétrain",50.7247600,4.9207000,"Waals-Brabant","België"
1370,"Saint-Jean-Geest",50.7396400,4.8954800,"Waals-Brabant","België"
1370,"Saint-Remy-Geest",50.7463600,4.8601900,"Waals-Brabant","België"
1370,"Zétrud-Lumay",50.7579200,4.8859000,"Waals-Brabant","België"
1380,"Couture-Saint-Germain",50.6750200,4.4725200,"Waals-Brabant","België"
1380,"Lasne",50.6873600,4.4813500,"Waals-Brabant","België"
1380,"Lasne-Chapelle-Saint-Lambert",50.6918500,4.5021300,"Waals-Brabant","België"
1380,"Maransart",50.6595300,4.4674500,"Waals-Brabant","België"
1380,"Ohain",50.6990700,4.4691900,"Waals-Brabant","België"
1380,"Plancenoit",50.6619600,4.4286300,"Waals-Brabant","België"
1390,"Archennes",50.7524768,4.6698680,"Waals-Brabant","België"
1390,"Biez",50.7267436,4.7019841,"Waals-Brabant","België"
1390,"Bossut-Gottechain",50.7613181,4.6941056,"Waals-Brabant","België"
1390,"Grez-Doiceau",50.7385816,4.6972809,"Waals-Brabant","België"
1390,"Nethen",50.7837825,4.6741168,"Waals-Brabant","België"
1400,"Monstreux",50.5980300,4.2888400,"Waals-Brabant","België"
1400,"Nivelles",50.5886574,4.3308649,"Waals-Brabant","België"
1401,"Baulers",50.6134100,4.3538700,"Waals-Brabant","België"
1402,"Thines",50.5973400,4.3684600,"Waals-Brabant","België"
1404,"Bornival",50.6011653,4.2762763,"Waals-Brabant","België"
1410,"Waterloo",50.7146900,4.3991000,"Waals-Brabant","België"
1420,"Braine-L'alleud",50.6969022,4.3538379,"Waals-Brabant","België"
1421,"Ophain-Bois-Seigneur-Isaac",50.6664200,4.3488600,"Waals-Brabant","België"
1428,"Lillois-Witterzée",50.6456700,4.3671200,"Waals-Brabant","België"
1430,"Bierghes",50.6956998,4.1195104,"Waals-Brabant","België"
1430,"Quenast",50.6729162,4.1573320,"Waals-Brabant","België"
1430,"Rebecq",50.6658280,4.1326285,"Waals-Brabant","België"
1430,"Rebecq-Rognon",50.6659293,4.1326563,"Waals-Brabant","België"
1435,"Corbais",50.6462709,4.6553809,"Waals-Brabant","België"
1435,"Hévillers",50.6215801,4.6154602,"Waals-Brabant","België"
1435,"Mont-Saint-Guibert",50.6347043,4.6106474,"Waals-Brabant","België"
1440,"Braine-Le-ChÂteau",50.6802986,4.2689347,"Waals-Brabant","België"
1440,"Wauthier-Braine",50.6812100,4.2980600,"Waals-Brabant","België"
1450,"Chastre",50.6081300,4.6356900,"Waals-Brabant","België"
1450,"Chastre-Villeroux-Blanmont",50.6000000,4.6170000,"Waals-Brabant","België"
1450,"Cortil-Noirmont",50.5813600,4.6428400,"Waals-Brabant","België"
1450,"Gentinnes",50.5816550,4.6012217,"Waals-Brabant","België"
1450,"Saint-Géry",50.5804909,4.6124318,"Waals-Brabant","België"
1457,"Nil-Saint-Vincent-Saint-Martin",50.6421400,4.6798200,"Waals-Brabant","België"
1457,"Tourinnes-Saint-Lambert",50.6393200,4.7238900,"Waals-Brabant","België"
1457,"Walhain",50.6165400,4.6954500,"Waals-Brabant","België"
1457,"Walhain-Saint-Paul",50.6327770,4.7025798,"Waals-Brabant","België"
1460,"Ittre",50.6326887,4.2632352,"Waals-Brabant","België"
1460,"Virginal-Samme",50.6398300,4.2058700,"Waals-Brabant","België"
1461,"Haut-Ittre",50.6535700,4.2982500,"Waals-Brabant","België"
1470,"Baisy-Thy",50.5969876,4.4760976,"Waals-Brabant","België"
1470,"Bousval",50.6149444,4.5051441,"Waals-Brabant","België"
1470,"Genappe",50.6108278,4.4503759,"Waals-Brabant","België"
1471,"Loupoigne",50.5978099,4.4445799,"Waals-Brabant","België"
1472,"Vieux-Genappe",50.6082918,4.4405969,"Waals-Brabant","België"
1473,"Glabais",50.6302595,4.4532789,"Waals-Brabant","België"
1474,"Ways",50.6104429,4.4644969,"Waals-Brabant","België"
1476,"Houtain-Le-Val",50.5829629,4.4113773,"Waals-Brabant","België"
1480,"Clabecq",50.6921200,4.2216300,"Waals-Brabant","België"
1480,"Oisquercq",50.6698900,4.2198500,"Waals-Brabant","België"
1480,"Saintes",50.7061500,4.1581700,"Waals-Brabant","België"
1480,"Tubize",50.6905400,4.2026000,"Waals-Brabant","België"
1490,"Court-Saint-Etienne",50.6422504,4.5680813,"Waals-Brabant","België"
1495,"Marbais",50.5463818,4.5351225,"Waals-Brabant","België"
1495,"Mellery",50.5816873,4.5688539,"Waals-Brabant","België"
1495,"Sart-Dames-Avelines",50.5685048,4.4917395,"Waals-Brabant","België"
1495,"Tilly",50.5614355,4.5490482,"Waals-Brabant","België"
1495,"Villers-La-Ville",50.5791942,4.5345409,"Waals-Brabant","België"
1500,"Halle",50.7324848,4.2349129,"Vlaams-Brabant","België"
1501,"Buizingen",50.7414190,4.2500475,"Vlaams-Brabant","België"
1502,"Lembeek",50.7140616,4.2200436,"Vlaams-Brabant","België"
1540,"Herfelingen",50.7477711,4.0998655,"Vlaams-Brabant","België"
1540,"Herne",50.7233164,4.0536565,"Vlaams-Brabant","België"
1541,"Sint-Pieters-Kapelle",50.7070524,3.9899741,"Vlaams-Brabant","België"
1547,"Bever",50.7169522,3.9406874,"Vlaams-Brabant","België"
1560,"Hoeilaart",50.7674863,4.4740458,"Vlaams-Brabant","België"
1570,"Galmaarden",50.7529396,3.9709478,"Vlaams-Brabant","België"
1570,"Tollembeek",50.7410978,4.0067750,"Vlaams-Brabant","België"
1570,"Vollezele",50.7607201,4.0252744,"Vlaams-Brabant","België"
1600,"Oudenaken",50.7806800,4.1993800,"Vlaams-Brabant","België"
1600,"Sint-Laureins-Berchem",50.7868100,4.1993800,"Vlaams-Brabant","België"
1600,"Sint-Pieters-Leeuw",50.7842441,4.2427430,"Vlaams-Brabant","België"
1601,"Ruisbroek",50.7903500,4.2986200,"Vlaams-Brabant","België"
1602,"Vlezenbeek",50.8078500,4.2321300,"Vlaams-Brabant","België"
1620,"Drogenbos",50.7875382,4.3164506,"Vlaams-Brabant","België"
1630,"Linkebeek",50.7660264,4.3456087,"Vlaams-Brabant","België"
1640,"Sint-Genesius-Rode",50.7459400,4.3575300,"Vlaams-Brabant","België"
1650,"Beersel",50.7686913,4.3120069,"Vlaams-Brabant","België"
1651,"Lot",50.7677800,4.2770700,"Vlaams-Brabant","België"
1652,"Alsemberg",50.7416300,4.3361300,"Vlaams-Brabant","België"
1653,"Dworp",50.7294900,4.3010900,"Vlaams-Brabant","België"
1654,"Huizingen",50.7465700,4.2736900,"Vlaams-Brabant","België"
1670,"Bogaarden",50.7400000,4.1363200,"Vlaams-Brabant","België"
1670,"Heikruis",50.7350400,4.1121100,"Vlaams-Brabant","België"
1670,"Pepingen",50.7360287,4.1360863,"Vlaams-Brabant","België"
1671,"Elingen",50.7792600,4.1711900,"Vlaams-Brabant","België"
1673,"Beert",50.7410300,4.1818400,"Vlaams-Brabant","België"
1674,"Bellingen",50.7408000,4.1539900,"Vlaams-Brabant","België"
1700,"Dilbeek",50.8464512,4.2620632,"Vlaams-Brabant","België"
1700,"Sint-Martens-Bodegem",50.8614672,4.2128916,"Vlaams-Brabant","België"
1700,"Sint-Ulriks-Kapelle",50.8790042,4.2182047,"Vlaams-Brabant","België"
1701,"Itterbeek",50.8381387,4.2500689,"Vlaams-Brabant","België"
1702,"Groot-Bijgaarden",50.8719066,4.2500012,"Vlaams-Brabant","België"
1703,"Schepdaal",50.8383485,4.1958272,"Vlaams-Brabant","België"
1730,"Asse",50.9054755,4.2048959,"Vlaams-Brabant","België"
1730,"Bekkerzeel",50.8852300,4.2380300,"Vlaams-Brabant","België"
1730,"Kobbegem",50.9086200,4.2510400,"Vlaams-Brabant","België"
1730,"Mollem",50.9313000,4.2263600,"Vlaams-Brabant","België"
1731,"Relegem",50.8990800,4.2770200,"Vlaams-Brabant","België"
1731,"Zellik",50.8844900,4.2740100,"Vlaams-Brabant","België"
1733,"Highco Data",50.8985334,4.2185564,"Vlaams-Brabant","België"
1740,"Ternat",50.8698353,4.1808317,"Vlaams-Brabant","België"
1741,"Wambeek",50.8532484,4.1628356,"Vlaams-Brabant","België"
1742,"Sint-Katherina-Lombeek",50.8732586,4.1559883,"Vlaams-Brabant","België"
1745,"Mazenzele",50.9427890,4.1711583,"Vlaams-Brabant","België"
1745,"Opwijk",50.9715880,4.1869110,"Vlaams-Brabant","België"
1750,"Gaasbeek",50.7998700,4.1889300,"Vlaams-Brabant","België"
1750,"Lennik",50.8086929,4.1614340,"Vlaams-Brabant","België"
1750,"Sint-Kwintens-Lennik",50.8042200,4.1548100,"Vlaams-Brabant","België"
1750,"Sint-Martens-Lennik",50.8127052,4.1686333,"Vlaams-Brabant","België"
1755,"Gooik",50.7952811,4.1180489,"Vlaams-Brabant","België"
1755,"Kester",50.7642800,4.1193500,"Vlaams-Brabant","België"
1755,"Leerbeek",50.7778700,4.1194300,"Vlaams-Brabant","België"
1755,"Oetingen",50.7734700,4.0631200,"Vlaams-Brabant","België"
1760,"Onze-Lieve-Vrouw-Lombeek",50.8197588,4.1101502,"Vlaams-Brabant","België"
1760,"Pamel",50.8449500,4.0710100,"Vlaams-Brabant","België"
1760,"Roosdaal",50.8314294,4.0879776,"Vlaams-Brabant","België"
1760,"Strijtem",50.8412507,4.1173658,"Vlaams-Brabant","België"
1761,"Borchtlombeek",50.8475374,4.1397680,"Vlaams-Brabant","België"
1770,"Liedekerke",50.8689100,4.0872900,"Vlaams-Brabant","België"
1780,"Wemmel",50.9103200,4.3009600,"Vlaams-Brabant","België"
1785,"Brussegem",50.9257400,4.2660800,"Vlaams-Brabant","België"
1785,"Hamme",50.9204200,4.2806100,"Vlaams-Brabant","België"
1785,"Merchtem",50.9584200,4.2324400,"Vlaams-Brabant","België"
1790,"Affligem",50.9084000,4.1128100,"Vlaams-Brabant","België"
1790,"Essene",50.9015743,4.1364265,"Vlaams-Brabant","België"
1790,"Hekelgem",50.9072267,4.1084956,"Vlaams-Brabant","België"
1790,"Teralfene",50.8922688,4.0987022,"Vlaams-Brabant","België"
1800,"Peutie",50.9273610,4.4554420,"Vlaams-Brabant","België"
1800,"Vilvoorde",50.9272511,4.4257868,"Vlaams-Brabant","België"
1804,"Cargovil",50.9472590,4.4272680,"Vlaams-Brabant","België"
1818,"Vtm",50.9136056,4.3981412,"Vlaams-Brabant","België"
1820,"Melsbroek",50.9153500,4.4787175,"Vlaams-Brabant","België"
1820,"Perk",50.9348800,4.4959200,"Vlaams-Brabant","België"
1820,"Steenokkerzeel",50.9079300,4.5134900,"Vlaams-Brabant","België"
1830,"Machelen",50.9125185,4.4376749,"Vlaams-Brabant","België"
1831,"Diegem",50.8940397,4.4362628,"Vlaams-Brabant","België"
1840,"Londerzeel",51.0031100,4.3026000,"Vlaams-Brabant","België"
1840,"Malderen",51.0203300,4.2462900,"Vlaams-Brabant","België"
1840,"Steenhuffel",50.9957700,4.2671600,"Vlaams-Brabant","België"
1850,"Grimbergen",50.9356235,4.3785596,"Vlaams-Brabant","België"
1851,"Humbeek",50.9672327,4.3795118,"Vlaams-Brabant","België"
1852,"Beigem",50.9528364,4.3660653,"Vlaams-Brabant","België"
1853,"Strombeek-Bever",50.9104650,4.3577920,"Vlaams-Brabant","België"
1860,"Meise",50.9478621,4.3302827,"Vlaams-Brabant","België"
1861,"Wolvertem",50.9508800,4.3092700,"Vlaams-Brabant","België"
1880,"Kapelle-Op-Den-Bos",51.0132400,4.3554100,"Vlaams-Brabant","België"
1880,"Nieuwenrode",50.9785700,4.3522900,"Vlaams-Brabant","België"
1880,"Ramsdonk",51.0148300,4.3351900,"Vlaams-Brabant","België"
1910,"Berg",50.9316005,4.5377032,"Vlaams-Brabant","België"
1910,"Buken",50.9403268,4.6169484,"Vlaams-Brabant","België"
1910,"Kampenhout",50.9338827,4.5605498,"Vlaams-Brabant","België"
1910,"Nederokkerzeel",50.9220293,4.5633381,"Vlaams-Brabant","België"
1930,"Nossegem",50.8781921,4.5074739,"Vlaams-Brabant","België"
1930,"Zaventem",50.8795024,4.4826212,"Vlaams-Brabant","België"
1931,"Brucargo",50.9032930,4.4522140,"Vlaams-Brabant","België"
1932,"Sint-Stevens-Woluwe",50.8691972,4.4502354,"Vlaams-Brabant","België"
1933,"Sterrebeek",50.8654294,4.4726200,"Vlaams-Brabant","België"
1934,"Office Exchange Brussels Airport Remailing",50.8969448,4.4843148,"Vlaams-Brabant","België"
1935,"Corporate Village",50.8898980,4.4580055,"Vlaams-Brabant","België"
1950,"Kraainem",50.8610856,4.4592974,"Vlaams-Brabant","België"
1970,"Wezembeek-Oppem",50.8509200,4.4874200,"Vlaams-Brabant","België"
1980,"Eppegem",50.9621231,4.4544329,"Vlaams-Brabant","België"
1980,"Zemst",50.9855350,4.4558340,"Vlaams-Brabant","België"
1981,"Hofstade",50.9916699,4.4924542,"Vlaams-Brabant","België"
1982,"Elewijt",50.9618503,4.4964542,"Vlaams-Brabant","België"
1982,"Weerde",50.9721843,4.4793294,"Vlaams-Brabant","België"
2000,"Antwerpen",51.2198771,4.4011356,"Antwerpen","België"
2018,"Antwerpen",51.2037695,4.4112637,"Antwerpen","België"
2020,"Antwerpen",51.1890846,4.3836284,"Antwerpen","België"
2030,"Antwerpen",51.2763963,4.3624604,"Antwerpen","België"
2040,"Antwerpen",51.3418306,4.2964605,"Antwerpen","België"
2040,"Berendrecht",51.3428700,4.3140900,"Antwerpen","België"
2040,"Lillo",51.3043600,4.2802600,"Antwerpen","België"
2040,"Zandvliet",51.3596500,4.3071600,"Antwerpen","België"
2050,"Antwerpen",51.2287575,4.3740221,"Antwerpen","België"
2060,"Antwerpen",51.2269388,4.4276298,"Antwerpen","België"
2070,"Burcht",51.2036700,4.3414800,"Antwerpen","België"
2070,"Zwijndrecht",51.2164116,4.3335905,"Antwerpen","België"
2099,"Antwerpen X",51.2083343,4.4111603,"Antwerpen","België"
2100,"Deurne",51.2207104,4.4648012,"Antwerpen","België"
2110,"Wijnegem",51.2298182,4.5108974,"Antwerpen","België"
2140,"Borgerhout",51.2143174,4.4348985,"Antwerpen","België"
2150,"Borsbeek",51.1966684,4.4856299,"Antwerpen","België"
2160,"Wommelgem",51.2021676,4.5219648,"Antwerpen","België"
2170,"Merksem",51.2512741,4.4485390,"Antwerpen","België"
2180,"Ekeren",51.2807314,4.4184495,"Antwerpen","België"
2200,"Herentals",51.1768785,4.8356480,"Antwerpen","België"
2200,"Morkhoven",51.1200863,4.8207292,"Antwerpen","België"
2200,"Noorderwijk",51.1393923,4.8388348,"Antwerpen","België"
2220,"Hallaar",51.0846400,4.7329300,"Antwerpen","België"
2220,"Heist-Op-Den-Berg",51.0633847,4.7210601,"Antwerpen","België"
2221,"Booischot",51.0515100,4.7752300,"Antwerpen","België"
2222,"Itegem",51.1032100,4.7292700,"Antwerpen","België"
2222,"Wiekevorst",51.1091400,4.7944915,"Antwerpen","België"
2223,"Schriek",51.0274500,4.6927200,"Antwerpen","België"
2230,"Herselt",51.0523800,4.8806800,"Antwerpen","België"
2230,"Ramsel",51.0321100,4.8328000,"Antwerpen","België"
2235,"Houtvenne",51.0420800,4.8089400,"Antwerpen","België"
2235,"Hulshout",51.0647242,4.8165080,"Antwerpen","België"
2235,"Westmeerbeek",51.0603200,4.8351000,"Antwerpen","België"
2240,"Massenhoven",51.1986273,4.6364247,"Antwerpen","België"
2240,"Viersel",51.1890184,4.6523097,"Antwerpen","België"
2240,"Zandhoven",51.2021793,4.6554212,"Antwerpen","België"
2242,"Pulderbos",51.2165685,4.6919000,"Antwerpen","België"
2243,"Pulle",51.2032977,4.7137397,"Antwerpen","België"
2250,"Olen",51.1440245,4.8599119,"Antwerpen","België"
2260,"Oevel",51.1387198,4.9042615,"Antwerpen","België"
2260,"Tongerlo",51.1053300,4.9156500,"Antwerpen","België"
2260,"Westerlo",51.0899524,4.9143395,"Antwerpen","België"
2260,"Zoerle-Parwijs",51.0887900,4.8689400,"Antwerpen","België"
2270,"Herenthout",51.1394506,4.7564892,"Antwerpen","België"
2275,"Gierle",51.2671512,4.8677063,"Antwerpen","België"
2275,"Lille",51.2420452,4.8232254,"Antwerpen","België"
2275,"Poederlee",51.2263125,4.8353147,"Antwerpen","België"
2275,"Wechelderzande",51.2645356,4.7999275,"Antwerpen","België"
2280,"Grobbendonk",51.1832616,4.7349959,"Antwerpen","België"
2288,"Bouwel",51.1719684,4.7420582,"Antwerpen","België"
2290,"Vorselaar",51.2025247,4.7708827,"Antwerpen","België"
2300,"Turnhout",51.3216509,4.9375577,"Antwerpen","België"
2310,"Rijkevorsel",51.3480582,4.7605267,"Antwerpen","België"
2320,"Hoogstraten",51.4032970,4.7468218,"Antwerpen","België"
2321,"Meer",51.4456000,4.7383000,"Antwerpen","België"
2322,"Minderhout",51.4165400,4.7633900,"Antwerpen","België"
2323,"Wortel",51.3975100,4.7947500,"Antwerpen","België"
2328,"Meerle",51.4733516,4.8037690,"Antwerpen","België"
2330,"Merksplas",51.3581850,4.8635657,"Antwerpen","België"
2340,"Beerse",51.3194900,4.8548200,"Antwerpen","België"
2340,"Vlimmeren",51.2971394,4.7820454,"Antwerpen","België"
2350,"Vosselaar",51.3030836,4.8834494,"Antwerpen","België"
2360,"Oud-Turnhout",51.3177601,4.9828450,"Antwerpen","België"
2370,"Arendonk",51.3220490,5.0863348,"Antwerpen","België"
2380,"Ravels",51.3762015,5.0185568,"Antwerpen","België"
2381,"Weelde",51.4067630,4.9908357,"Antwerpen","België"
2382,"Poppel",51.4471741,5.0431801,"Antwerpen","België"
2387,"Baarle-Hertog",51.4418320,4.9317360,"Antwerpen","België"
2390,"Malle",51.2968136,4.6942633,"Antwerpen","België"
2390,"Oostmalle",51.3011370,4.7337542,"Antwerpen","België"
2390,"Westmalle",51.2968136,4.6942633,"Antwerpen","België"
2400,"Mol",51.1910870,5.1170647,"Antwerpen","België"
2430,"Eindhout",51.1033400,4.9997000,"Antwerpen","België"
2430,"Laakdal",51.0873823,5.0242977,"Antwerpen","België"
2430,"Vorst",51.0797300,5.0202400,"Antwerpen","België"
2431,"Varendonk",51.0839700,4.9513000,"Antwerpen","België"
2431,"Veerle",51.0699400,4.9872100,"Antwerpen","België"
2440,"Geel",51.1625700,4.9908400,"Antwerpen","België"
2450,"Meerhout",51.1321900,5.0770800,"Antwerpen","België"
2460,"Kasterlee",51.2405204,4.9674449,"Antwerpen","België"
2460,"Lichtaart",51.2197251,4.9108088,"Antwerpen","België"
2460,"Tielen",51.2434976,4.8976789,"Antwerpen","België"
2470,"Retie",51.2669664,5.0842508,"Antwerpen","België"
2480,"Dessel",51.2398500,5.1126900,"Antwerpen","België"
2490,"Balen",51.1578305,5.2100666,"Antwerpen","België"
2491,"Olmen",51.1420912,5.1507200,"Antwerpen","België"
2500,"Koningshooikt",51.0952200,4.6101100,"Antwerpen","België"
2500,"Lier",51.1302138,4.5715092,"Antwerpen","België"
2520,"Broechem",51.1813334,4.6020124,"Antwerpen","België"
2520,"Emblem",51.1620413,4.6050680,"Antwerpen","België"
2520,"Oelegem",51.2129972,4.5997149,"Antwerpen","België"
2520,"Ranst",51.1890940,4.5609095,"Antwerpen","België"
2530,"Boechout",51.1664397,4.4971700,"Antwerpen","België"
2531,"Vremde",51.1748600,4.5231100,"Antwerpen","België"
2540,"Hove",51.1539722,4.4711513,"Antwerpen","België"
2547,"Lint",51.1272300,4.4966900,"Antwerpen","België"
2550,"Kontich",51.1352235,4.4448202,"Antwerpen","België"
2550,"Waarloos",51.1050610,4.4546959,"Antwerpen","België"
2560,"Bevel",51.1377400,4.6803800,"Antwerpen","België"
2560,"Kessel",51.1391500,4.6296800,"Antwerpen","België"
2560,"Nijlen",51.1613531,4.6706015,"Antwerpen","België"
2570,"Duffel",51.0953745,4.5052038,"Antwerpen","België"
2580,"Beerzel",51.0578600,4.6676400,"Antwerpen","België"
2580,"Putte",51.0547600,4.6286700,"Antwerpen","België"
2590,"Berlaar",51.1180400,4.6575200,"Antwerpen","België"
2590,"Gestel",51.1284000,4.6731600,"Antwerpen","België"
2600,"Berchem",51.1898560,4.4329510,"Antwerpen","België"
2610,"Wilrijk",51.1683102,4.3942868,"Antwerpen","België"
2620,"Hemiksem",51.1451800,4.3383400,"Antwerpen","België"
2627,"Schelle",51.1269186,4.3388412,"Antwerpen","België"
2630,"Aartselaar",51.1340539,4.3844742,"Antwerpen","België"
2640,"Mortsel",51.1728522,4.4665225,"Antwerpen","België"
2650,"Edegem",51.1559541,4.4318937,"Antwerpen","België"
2660,"Hoboken",51.1775732,4.3499200,"Antwerpen","België"
2800,"Mechelen",51.0258791,4.4775365,"Antwerpen","België"
2800,"Walem",51.0676813,4.4572147,"Antwerpen","België"
2801,"Heffen",51.0468914,4.4137291,"Antwerpen","België"
2811,"Hombeek",51.0143560,4.4427697,"Antwerpen","België"
2811,"Leest",51.0328978,4.4176682,"Antwerpen","België"
2812,"Muizen",51.0103798,4.5157593,"Antwerpen","België"
2820,"Bonheiden",51.0222100,4.5480300,"Antwerpen","België"
2820,"Rijmenam",51.0037609,4.5902677,"Antwerpen","België"
2830,"Blaasveld",51.0558300,4.3771900,"Antwerpen","België"
2830,"Heindonk",51.0673000,4.4075600,"Antwerpen","België"
2830,"Tisselt",51.0343700,4.3571700,"Antwerpen","België"
2830,"Willebroek",51.0597994,4.3640791,"Antwerpen","België"
2840,"Reet",51.1011334,4.4125882,"Antwerpen","België"
2840,"Rumst",51.0804212,4.4217895,"Antwerpen","België"
2840,"Terhagen",51.0791977,4.3992612,"Antwerpen","België"
2845,"Niel",51.1106400,4.3320700,"Antwerpen","België"
2850,"Boom",51.0860800,4.3663300,"Antwerpen","België"
2860,"Sint-Katelijne-Waver",51.0614235,4.5055555,"Antwerpen","België"
2861,"Onze-Lieve-Vrouw-Waver",51.0618859,4.5787019,"Antwerpen","België"
2870,"Breendonk",51.0430900,4.3220400,"Antwerpen","België"
2870,"Liezele",51.0608200,4.2802300,"Antwerpen","België"
"2870,2890","Puurs-Sint-Amands",51.0555561,4.2538889,"Antwerpen","België"
2870,"Ruisbroek",51.0879900,4.3310700,"Antwerpen","België"
2880,"Bornem",51.0996057,4.2404586,"Antwerpen","België"
2880,"Hingene",51.1032985,4.2687874,"Antwerpen","België"
2880,"Mariekerke",51.0634883,4.1923418,"Antwerpen","België"
2880,"Weert",51.1034075,4.1901230,"Antwerpen","België"
2890,"Lippelo",51.0421500,4.2586000,"Antwerpen","België"
2890,"Oppuurs",51.0660700,4.2419900,"Antwerpen","België"
2900,"Schoten",51.2497532,4.4977063,"Antwerpen","België"
2910,"Essen",51.4677600,4.4684400,"Antwerpen","België"
2920,"Kalmthout",51.3829800,4.4751800,"Antwerpen","België"
2930,"Brasschaat",51.2922700,4.4941900,"Antwerpen","België"
2940,"Hoevenen",51.3061855,4.4047295,"Antwerpen","België"
2940,"Stabroek",51.3347290,4.3716890,"Antwerpen","België"
2950,"Kapellen",51.3140240,4.4323815,"Antwerpen","België"
2960,"Brecht",51.3496533,4.6377227,"Antwerpen","België"
2960,"Sint-Job-In-'t-Goor",51.2982700,4.5732000,"Antwerpen","België"
2960,"Sint-Lenaarts",51.3486900,4.6770300,"Antwerpen","België"
2970,"'s Gravenwezel",51.2629200,4.5609600,"Antwerpen","België"
2970,"Schilde",51.2407352,4.5834231,"Antwerpen","België"
2980,"Halle",51.2398459,4.6465058,"Antwerpen","België"
2980,"Zoersel",51.2682227,4.7125694,"Antwerpen","België"
2990,"Loenhout",51.3990063,4.6432288,"Antwerpen","België"
2990,"Wuustwezel",51.3894040,4.5912302,"Antwerpen","België"
3000,"Leuven",50.8815197,4.6967578,"Vlaams-Brabant","België"
3001,"Heverlee",50.8638600,4.6959400,"Vlaams-Brabant","België"
3010,"Kessel Lo",50.8851400,4.7357100,"Vlaams-Brabant","België"
3012,"Wilsele",50.8904700,4.6945100,"Vlaams-Brabant","België"
3018,"Wijgmaal",50.9262400,4.7019500,"Vlaams-Brabant","België"
3020,"Herent",50.9092247,4.6768701,"Vlaams-Brabant","België"
3020,"Veltem-Beisem",50.9063184,4.6208250,"Vlaams-Brabant","België"
3020,"Winksele",50.8974666,4.6435179,"Vlaams-Brabant","België"
3040,"Huldenberg",50.7885995,4.5880687,"Vlaams-Brabant","België"
3040,"Loonbeek",50.8097200,4.6102900,"Vlaams-Brabant","België"
3040,"Neerijse",50.8174300,4.6234500,"Vlaams-Brabant","België"
3040,"Ottenburg",50.7519900,4.6157900,"Vlaams-Brabant","België"
3040,"Sint-Agatha-Rode",50.7855900,4.6340800,"Vlaams-Brabant","België"
3050,"Oud-Heverlee",50.8282606,4.6595340,"Vlaams-Brabant","België"
3051,"Sint-Joris-Weert",50.8027501,4.6528755,"Vlaams-Brabant","België"
3052,"Blanden",50.8255800,4.7091600,"Vlaams-Brabant","België"
3053,"Haasrode",50.8315900,4.7298800,"Vlaams-Brabant","België"
3054,"Vaalbeek",50.8255300,4.6893800,"Vlaams-Brabant","België"
3060,"Bertem",50.8632924,4.6307637,"Vlaams-Brabant","België"
3060,"Korbeek-Dijle",50.8380700,4.6382000,"Vlaams-Brabant","België"
3061,"Leefdaal",50.8486600,4.5939000,"Vlaams-Brabant","België"
3070,"Kortenberg",50.8855654,4.5374772,"Vlaams-Brabant","België"
3071,"Erps-Kwerps",50.9006097,4.5607782,"Vlaams-Brabant","België"
3078,"Everberg",50.8788296,4.5712345,"Vlaams-Brabant","België"
3078,"Meerbeek",50.8818641,4.5892898,"Vlaams-Brabant","België"
3080,"Duisburg",50.8156900,4.5518400,"Vlaams-Brabant","België"
3080,"Tervuren",50.8259264,4.5077781,"Vlaams-Brabant","België"
3080,"Vossem",50.8357700,4.5602600,"Vlaams-Brabant","België"
3090,"Overijse",50.7681029,4.5336216,"Vlaams-Brabant","België"
3110,"Rotselaar",50.9535967,4.7215113,"Vlaams-Brabant","België"
3111,"Wezemaal",50.9482000,4.7554100,"Vlaams-Brabant","België"
3118,"Werchter",50.9727800,4.7000700,"Vlaams-Brabant","België"
3120,"Tremelo",50.9956159,4.7159551,"Vlaams-Brabant","België"
3128,"Baal",50.9955500,4.7530400,"Vlaams-Brabant","België"
3130,"Begijnendijk",51.0188000,4.7826300,"Vlaams-Brabant","België"
3130,"Betekom",50.9856600,4.7817000,"Vlaams-Brabant","België"
3140,"Keerbergen",51.0057936,4.6320416,"Vlaams-Brabant","België"
3150,"Haacht",50.9789400,4.6413400,"Vlaams-Brabant","België"
3150,"Tildonk",50.9432700,4.6444900,"Vlaams-Brabant","België"
3150,"Wespelaar",50.9599100,4.6388400,"Vlaams-Brabant","België"
3190,"Boortmeerbeek",50.9803397,4.5744373,"Vlaams-Brabant","België"
3191,"Hever",50.9950000,4.5513500,"Vlaams-Brabant","België"
3200,"Aarschot",50.9806151,4.8273810,"Vlaams-Brabant","België"
3200,"Gelrode",50.9654800,4.8027200,"Vlaams-Brabant","België"
3201,"Langdorp",50.9953100,4.8708300,"Vlaams-Brabant","België"
3202,"Rillaar",50.9743800,4.8942200,"Vlaams-Brabant","België"
3210,"Linden",50.8939300,4.7721500,"Vlaams-Brabant","België"
3210,"Lubbeek",50.8813339,4.8292252,"Vlaams-Brabant","België"
3211,"Binkom",50.8711900,4.8843900,"Vlaams-Brabant","België"
3212,"Pellenberg",50.8715002,4.7938490,"Vlaams-Brabant","België"
3220,"Holsbeek",50.9248584,4.7861502,"Vlaams-Brabant","België"
3220,"Kortrijk-Dutsel",50.9266825,4.8055097,"Vlaams-Brabant","België"
3220,"Sint-Pieters-Rode",50.9323900,4.8205700,"Vlaams-Brabant","België"
3221,"Nieuwrode",50.9495500,4.8333900,"Vlaams-Brabant","België"
3270,"Scherpenheuvel",50.9800833,4.9753544,"Vlaams-Brabant","België"
3270,"Scherpenheuvel-Zichem",50.9742707,4.9785767,"Vlaams-Brabant","België"
3271,"Averbode",51.0305467,4.9774540,"Vlaams-Brabant","België"
3271,"Zichem",51.0006721,4.9830118,"Vlaams-Brabant","België"
3272,"Messelbroek",50.9933331,4.9274801,"Vlaams-Brabant","België"
3272,"Testelt",51.0169210,4.9549334,"Vlaams-Brabant","België"
3290,"Deurne",51.0393600,5.0964800,"Vlaams-Brabant","België"
3290,"Diest",51.0010401,5.0852169,"Vlaams-Brabant","België"
3290,"Schaffen",50.9997500,5.0848400,"Vlaams-Brabant","België"
3290,"Webbekom",50.9722766,5.0720072,"Vlaams-Brabant","België"
3293,"Kaggevinne",50.9793700,5.0189600,"Vlaams-Brabant","België"
3294,"Molenstede",51.0037800,5.0134700,"Vlaams-Brabant","België"
3300,"Bost",50.7883900,4.9406300,"Vlaams-Brabant","België"
3300,"Goetsenhoven",50.7678100,4.9511400,"Vlaams-Brabant","België"
3300,"Hakendover",50.7970600,4.9852500,"Vlaams-Brabant","België"
3300,"Kumtich",50.8224600,4.8874200,"Vlaams-Brabant","België"
3300,"Oorbeek",50.7981100,4.8924000,"Vlaams-Brabant","België"
3300,"Oplinter",50.8292300,4.9875700,"Vlaams-Brabant","België"
3300,"Sint-Margriete-Houtem",50.8283600,4.9553900,"Vlaams-Brabant","België"
3300,"Tienen",50.8105700,4.9362200,"Vlaams-Brabant","België"
3300,"Vissenaken",50.8376800,4.9048400,"Vlaams-Brabant","België"
3320,"Hoegaarden",50.7806488,4.8685676,"Vlaams-Brabant","België"
3320,"Meldert",50.7880100,4.8377200,"Vlaams-Brabant","België"
3321,"Outgaarden",50.7652100,4.9179300,"Vlaams-Brabant","België"
3350,"Drieslinter",50.8460500,5.0504800,"Vlaams-Brabant","België"
3350,"Linter",50.8415100,5.0366100,"Vlaams-Brabant","België"
3350,"Melkwezer",50.8252947,5.0613545,"Vlaams-Brabant","België"
3350,"Neerhespen",50.7918055,5.0548854,"Vlaams-Brabant","België"
3350,"Neerlinter",50.8398055,5.0221970,"Vlaams-Brabant","België"
3350,"Orsmaal-Gussenhoven",50.8033315,5.0620563,"Vlaams-Brabant","België"
3350,"Overhespen",50.7954085,5.0360799,"Vlaams-Brabant","België"
3350,"Wommersom",50.8134204,5.0179520,"Vlaams-Brabant","België"
3360,"Bierbeek",50.8279000,4.7598100,"Vlaams-Brabant","België"
3360,"Korbeek-Lo",50.8601903,4.7626896,"Vlaams-Brabant","België"
3360,"Lovenjoel",50.8581300,4.7814800,"Vlaams-Brabant","België"
3360,"Opvelp",50.8100900,4.7933300,"Vlaams-Brabant","België"
3370,"Boutersem",50.8410900,4.8347100,"Vlaams-Brabant","België"
3370,"Kerkom",50.8551900,4.8745100,"Vlaams-Brabant","België"
3370,"Neervelp",50.8210000,4.8081100,"Vlaams-Brabant","België"
3370,"Roosbeek",50.8356400,4.8623100,"Vlaams-Brabant","België"
3370,"Vertrijk",50.8297600,4.8345500,"Vlaams-Brabant","België"
3370,"Willebringen",50.8128100,4.8449100,"Vlaams-Brabant","België"
3380,"Bunsbeek",50.8421650,4.9426464,"Vlaams-Brabant","België"
3380,"Glabbeek",50.8602725,4.9583256,"Vlaams-Brabant","België"
3381,"Kapellen",50.8852681,4.9501898,"Vlaams-Brabant","België"
3384,"Attenrode",50.8771186,4.9242614,"Vlaams-Brabant","België"
3390,"Houwaart",50.9328147,4.8580637,"Vlaams-Brabant","België"
3390,"Sint-Joris-Winge",50.9077298,4.8768396,"Vlaams-Brabant","België"
3390,"Tielt",50.9408920,4.9046956,"Vlaams-Brabant","België"
3390,"Tielt-Winge",50.9206968,4.8866603,"Vlaams-Brabant","België"
3391,"Meensel-Kiezegem",50.8964842,4.9257825,"Vlaams-Brabant","België"
3400,"Eliksem",50.7848700,5.0096800,"Vlaams-Brabant","België"
3400,"Ezemaal",50.7760900,5.0001600,"Vlaams-Brabant","België"
3400,"Laar",50.7715800,5.0257200,"Vlaams-Brabant","België"
3400,"Landen",50.7628602,5.0421020,"Vlaams-Brabant","België"
3400,"Neerwinden",50.7661600,5.0443400,"Vlaams-Brabant","België"
3400,"Overwinden",50.7531800,5.0489000,"Vlaams-Brabant","België"
3400,"Rumsdorp",50.7661900,5.0762300,"Vlaams-Brabant","België"
3400,"Wange",50.7859800,5.0317600,"Vlaams-Brabant","België"
3401,"Waasmont",50.7272400,5.0623100,"Vlaams-Brabant","België"
3401,"Walsbets",50.7372300,5.0852800,"Vlaams-Brabant","België"
3401,"Walshoutem",50.7237300,5.0955300,"Vlaams-Brabant","België"
3401,"Wezeren",50.7300800,5.1048500,"Vlaams-Brabant","België"
3404,"Attenhoven",50.7665200,5.0930800,"Vlaams-Brabant","België"
3404,"Neerlanden",50.7781200,5.0790100,"Vlaams-Brabant","België"
3440,"Budingen",50.8654000,5.0981100,"Vlaams-Brabant","België"
3440,"Dormaal",50.8072200,5.0985000,"Vlaams-Brabant","België"
3440,"Halle-Booienhoven",50.8047500,5.1116800,"Vlaams-Brabant","België"
3440,"Helen-Bos",50.8182300,5.0822000,"Vlaams-Brabant","België"
3440,"Zoutleeuw",50.8323100,5.1044200,"Vlaams-Brabant","België"
3450,"Geetbets",50.8902757,5.1095641,"Vlaams-Brabant","België"
3450,"Grazen",50.8752077,5.1308353,"Vlaams-Brabant","België"
3454,"Rummen",50.8889069,5.1656281,"Vlaams-Brabant","België"
3460,"Assent",50.9526086,5.0159442,"Vlaams-Brabant","België"
3460,"Bekkevoort",50.9426234,4.9856410,"Vlaams-Brabant","België"
3461,"Molenbeek-Wersbeek",50.9184738,4.9415359,"Vlaams-Brabant","België"
3470,"Kortenaken",50.8973765,5.0663974,"Vlaams-Brabant","België"
3470,"Ransberg",50.8743562,5.0377616,"Vlaams-Brabant","België"
3470,"Sint-Margriete-Houtem",50.8128004,3.2790522,"Vlaams-Brabant","België"
3471,"Hoeleden",50.8681697,4.9869044,"Vlaams-Brabant","België"
3472,"Kersbeek-Miskom",50.8858124,4.9958008,"Vlaams-Brabant","België"
3473,"Waanrode",50.9161837,5.0046920,"Vlaams-Brabant","België"
3500,"Hasselt",50.9215166,5.3447405,"Limburg","België"
3500,"Sint-Lambrechts-Herk",50.8984100,5.3074100,"Limburg","België"
3501,"Wimmertingen",50.8831759,5.3526453,"Limburg","België"
3510,"Kermt",50.9476700,5.2467600,"Limburg","België"
3510,"Spalbeek",50.9486672,5.2247223,"Limburg","België"
3511,"Kuringen",50.9438700,5.2978900,"Limburg","België"
3511,"Stokrooie",50.9661900,5.2813400,"Limburg","België"
3512,"Stevoort",50.9183000,5.2531600,"Limburg","België"
3520,"Zonhoven",50.9870700,5.3671600,"Limburg","België"
3530,"Helchteren",51.0565512,5.3826921,"Limburg","België"
3530,"Houthalen",51.0314627,5.3763541,"Limburg","België"
3530,"Houthalen-Helchteren",51.0312424,5.3765453,"Limburg","België"
3540,"Berbroek",50.9503306,5.2083451,"Limburg","België"
3540,"Donk",50.9382225,5.1344391,"Limburg","België"
3540,"Herk-De-Stad",50.9392300,5.1671200,"Limburg","België"
3540,"Schulen",50.9599580,5.1904844,"Limburg","België"
3545,"Halen",50.9485000,5.1111700,"Limburg","België"
3545,"Loksbergen",50.9342585,5.0695638,"Limburg","België"
3545,"Zelem",50.9781579,5.1057744,"Limburg","België"
3550,"Heusden",51.0354099,5.2830570,"Limburg","België"
3550,"Heusden-Zolder",51.0384819,5.2904127,"Limburg","België"
3550,"Zolder",51.0229535,5.3097324,"Limburg","België"
3560,"Linkhout",50.9681200,5.1368700,"Limburg","België"
3560,"Lummen",50.9876100,5.1951100,"Limburg","België"
3560,"Meldert",50.9986700,5.1418000,"Limburg","België"
3570,"Alken",50.8760900,5.3076700,"Limburg","België"
3580,"Beringen",51.0473373,5.2214769,"Limburg","België"
3581,"Beverlo",51.0873000,5.2189800,"Limburg","België"
3582,"Koersel",51.0584400,5.2717600,"Limburg","België"
3583,"Paal",51.0395300,5.1716500,"Limburg","België"
3590,"Diepenbeek",50.9108300,5.4133600,"Limburg","België"
3600,"Genk",50.9661300,5.5021000,"Limburg","België"
3620,"Gellik",50.8839114,5.6103183,"Limburg","België"
3620,"Lanaken",50.8919602,5.6398572,"Limburg","België"
3620,"Neerharen",50.9088851,5.6808314,"Limburg","België"
3620,"Veldwezelt",50.8677788,5.6305961,"Limburg","België"
3621,"Rekem",50.9224749,5.6957272,"Limburg","België"
3630,"Eisden",50.9854566,5.7140769,"Limburg","België"
3630,"Leut",50.9900244,5.7350908,"Limburg","België"
3630,"Maasmechelen",50.9692780,5.6619185,"Limburg","België"
3630,"Mechelen-Aan-De-Maas",50.9797588,5.7018567,"Limburg","België"
3630,"Meeswijk",50.9995012,5.7496822,"Limburg","België"
3630,"Opgrimbie",50.9432913,5.6809579,"Limburg","België"
3630,"Vucht",50.9787264,5.7106715,"Limburg","België"
3631,"Boorsem",50.9408237,5.7197843,"Limburg","België"
3631,"Uikhoven",50.9236770,5.7183356,"Limburg","België"
3640,"Kessenich",51.1514200,5.8229700,"Limburg","België"
3640,"Kinrooi",51.1455200,5.7411300,"Limburg","België"
3640,"Molenbeersel",51.1700200,5.7375800,"Limburg","België"
3640,"Ophoven",51.1255900,5.8020400,"Limburg","België"
3650,"Dilsen",51.0374700,5.7221500,"Limburg","België"
3650,"Dilsen-Stokkem",51.0301998,5.7000888,"Limburg","België"
3650,"Elen",51.0665500,5.7508300,"Limburg","België"
3650,"Lanklaar",51.0188000,5.7262000,"Limburg","België"
3650,"Rotem",51.0529700,5.7411800,"Limburg","België"
3650,"Stokkem",51.0236400,5.7441800,"Limburg","België"
"3660,3670","Oudsbergen",51.0500000,5.6000000,"Limburg","België"
3665,"As",50.9997751,5.5715438,"Limburg","België"
3668,"Niel-Bij-As",51.0176272,5.6045057,"Limburg","België"
3670,"Ellikom",51.1271900,5.5236600,"Limburg","België"
3670,"Meeuwen",51.0986700,5.5205000,"Limburg","België"
3670,"Meeuwen-Gruitrode",51.0949500,5.5478400,"Limburg","België"
3670,"Neerglabbeek",51.0914400,5.6167600,"Limburg","België"
3670,"Wijshagen",51.1046100,5.5588100,"Limburg","België"
3680,"Maaseik",51.0983909,5.7837625,"Limburg","België"
3680,"Neeroeteren",51.0918046,5.6995386,"Limburg","België"
3680,"Opoeteren",51.0675622,5.6594443,"Limburg","België"
3690,"Zutendaal",50.9319600,5.5722700,"Limburg","België"
3700,"'s Herenelderen",50.8089063,5.5032825,"Limburg","België"
3700,"Berg",50.7918300,5.4949400,"Limburg","België"
3700,"Diets-Heur",50.7453303,5.4828472,"Limburg","België"
3700,"Haren",50.7979251,5.4020478,"Limburg","België"
3700,"Henis",50.7992000,5.4712200,"Limburg","België"
3700,"Kolmont",50.8041000,5.4237300,"Limburg","België"
3700,"Koninksem",50.7653100,5.4399700,"Limburg","België"
3700,"Lauw",50.7392355,5.4148753,"Limburg","België"
3700,"Mal",50.7684738,5.5214638,"Limburg","België"
3700,"Neerrepen",50.8110492,5.4442140,"Limburg","België"
3700,"Nerem",50.7649963,5.5104893,"Limburg","België"
3700,"Overrepen",50.8070423,5.4315896,"Limburg","België"
3700,"Piringen",50.7864119,5.4178871,"Limburg","België"
3700,"Riksingen",50.8051007,5.4632976,"Limburg","België"
3700,"Rutten",50.7478825,5.4423901,"Limburg","België"
3700,"Sluizen",50.7653436,5.5314429,"Limburg","België"
3700,"Tongeren",50.7841900,5.4744900,"Limburg","België"
3700,"Vreren",50.7515842,5.4974649,"Limburg","België"
3700,"Widooie",50.7713726,5.4084338,"Limburg","België"
3717,"Herstappe",50.7265300,5.4260000,"Limburg","België"
3720,"Kortessem",50.8625531,5.3781216,"Limburg","België"
3721,"Vliermaalroot",50.8637784,5.4240097,"Limburg","België"
3722,"Wintershoven",50.8526300,5.4196800,"Limburg","België"
3723,"Guigoven",50.8390899,5.3991570,"Limburg","België"
3724,"Vliermaal",50.8394948,5.4289047,"Limburg","België"
3730,"Hoeselt",50.8497352,5.4911243,"Limburg","België"
3730,"Romershoven",50.8559840,5.4598837,"Limburg","België"
3730,"Sint-Huibrechts-Hern",50.8298500,5.4492483,"Limburg","België"
3730,"Werm",50.8328482,5.4802846,"Limburg","België"
3732,"Schalkhoven",50.8414306,5.4495653,"Limburg","België"
3740,"Beverst",50.8902246,5.4751710,"Limburg","België"
3740,"Bilzen",50.8719054,5.5166463,"Limburg","België"
3740,"Eigenbilzen",50.8746121,5.5746355,"Limburg","België"
3740,"Grote-Spouwen",50.8315692,5.5519685,"Limburg","België"
3740,"Hees",50.8466302,5.6093720,"Limburg","België"
3740,"Kleine-Spouwen",50.8381087,5.5483654,"Limburg","België"
3740,"Mopertingen",50.8606327,5.5756295,"Limburg","België"
3740,"Munsterbilzen",50.8897326,5.5261669,"Limburg","België"
3740,"Rijkhoven",50.8329777,5.5150984,"Limburg","België"
3740,"Rosmeer",50.8456546,5.5806307,"Limburg","België"
3740,"Waltwilder",50.8658211,5.5441802,"Limburg","België"
3742,"Martenslinde",50.8565985,5.5332305,"Limburg","België"
3746,"Hoelbeek",50.8718626,5.5564999,"Limburg","België"
3770,"Genoelselderen",50.8029700,5.5388450,"Limburg","België"
3770,"Herderen",50.8065724,5.5723296,"Limburg","België"
3770,"Kanne",50.8140550,5.6693136,"Limburg","België"
3770,"Membruggen",50.8141975,5.5343399,"Limburg","België"
3770,"Millen",50.7856375,5.5561104,"Limburg","België"
3770,"Riemst",50.8089945,5.6012328,"Limburg","België"
3770,"Val-Meer",50.7862227,5.5962800,"Limburg","België"
3770,"Vlijtingen",50.8320854,5.5842906,"Limburg","België"
3770,"Vroenhoven",50.8263221,5.6400304,"Limburg","België"
3770,"Zichen-Zussen-Bolder",50.7933496,5.6245555,"Limburg","België"
3790,"Moelingen",50.7570096,5.7134973,"Limburg","België"
3790,"Sint-Martens-Voeren",50.7485199,5.8122336,"Limburg","België"
3790,"Voeren",50.7464187,5.8409039,"Limburg","België"
3791,"Remersdaal",50.7315308,5.8808478,"Limburg","België"
3792,"Sint-Pieters-Voeren",50.7383570,5.8226791,"Limburg","België"
3793,"Teuven",50.7518324,5.8759546,"Limburg","België"
3798,"S Gravenvoeren",50.7587829,5.7611628,"Limburg","België"
3800,"Aalst",50.7816600,5.2089800,"Limburg","België"
3800,"Brustem",50.8056500,5.2218700,"Limburg","België"
3800,"Engelmanshoven",50.7713400,5.2509200,"Limburg","België"
3800,"Gelinden",50.7655200,5.2609200,"Limburg","België"
3800,"Groot-Gelmen",50.7852500,5.2629600,"Limburg","België"
3800,"Halmaal",50.8058900,5.1557400,"Limburg","België"
3800,"Kerkom-Bij-Sint-Truiden",50.7742900,5.1778700,"Limburg","België"
3800,"Ordingen",50.8128500,5.2352100,"Limburg","België"
3800,"Sint-Truiden",50.8019192,5.2202655,"Limburg","België"
3800,"Zepperen",50.8211600,5.2476700,"Limburg","België"
3803,"Duras",50.8355200,5.1463800,"Limburg","België"
3803,"Gorsem",50.8348300,5.1619500,"Limburg","België"
3803,"Runkelen",50.8468100,5.1508800,"Limburg","België"
3803,"Wilderen",50.8158700,5.1413600,"Limburg","België"
3806,"Velm",50.7793100,5.1316200,"Limburg","België"
3830,"Berlingen",50.8197100,5.3112100,"Limburg","België"
3830,"Wellen",50.8436052,5.3362409,"Limburg","België"
3831,"Herten",50.8320635,5.3321062,"Limburg","België"
3832,"Ulbeek",50.8438100,5.3046500,"Limburg","België"
3840,"Bommershoven",50.7880000,5.3790400,"Limburg","België"
3840,"Borgloon",50.8061300,5.3430200,"Limburg","België"
3840,"Broekom",50.7823800,5.3317600,"Limburg","België"
3840,"Gors-Opleeuw",50.8233766,5.3967118,"Limburg","België"
3840,"Gotem",50.8051500,5.3135100,"Limburg","België"
3840,"Groot-Loon",50.7924700,5.3633800,"Limburg","België"
3840,"Haren",50.7927400,5.3995300,"Limburg","België"
3840,"Hendrieken",50.7988900,5.3281100,"Limburg","België"
3840,"Hoepertingen",50.8123500,5.2836800,"Limburg","België"
3840,"Jesseren",50.8059400,5.3898900,"Limburg","België"
3840,"Kerniel",50.8163200,5.3636800,"Limburg","België"
3840,"Kolmont",50.8031485,5.4230892,"Limburg","België"
3840,"Kuttekoven",50.8090000,5.3260300,"Limburg","België"
3840,"Rijkel",50.8098900,5.2608300,"Limburg","België"
3840,"Voort",50.7947800,5.3197100,"Limburg","België"
3850,"Binderveld",50.8608000,5.1648100,"Limburg","België"
3850,"Kozen",50.8749600,5.2398500,"Limburg","België"
3850,"Nieuwerkerken",50.8647500,5.1886900,"Limburg","België"
3850,"Wijer",50.8983800,5.2239100,"Limburg","België"
3870,"Batsheers",50.7385500,5.2813400,"Limburg","België"
3870,"Bovelingen",50.7375212,5.2600349,"Limburg","België"
3870,"Gutshoven",50.7738900,5.3171300,"Limburg","België"
3870,"Heers",50.7536800,5.3020900,"Limburg","België"
3870,"Heks",50.7701000,5.3575100,"Limburg","België"
3870,"Horpmaal",50.7604900,5.3356700,"Limburg","België"
3870,"Klein-Gelmen",50.7697800,5.2769400,"Limburg","België"
3870,"Mechelen-Bovelingen",50.7405400,5.2604900,"Limburg","België"
3870,"Mettekoven",50.7810300,5.2906200,"Limburg","België"
3870,"Opheers",50.7397200,5.2976600,"Limburg","België"
3870,"Rukkelingen-Loon",50.7278400,5.2544400,"Limburg","België"
3870,"Vechmaal",50.7614100,5.3746600,"Limburg","België"
3870,"Veulen",50.7637100,5.3057800,"Limburg","België"
3890,"Boekhout",50.7456800,5.2335300,"Limburg","België"
3890,"Gingelom",50.7498800,5.1332000,"Limburg","België"
3890,"Jeuk",50.7342700,5.2096900,"Limburg","België"
3890,"Kortijs",50.7074500,5.1494400,"Limburg","België"
3890,"Montenaken",50.7210100,5.1272100,"Limburg","België"
3890,"Niel-Bij-Sint-Truiden",50.7421700,5.1420500,"Limburg","België"
3890,"Vorsen",50.7039100,5.1685800,"Limburg","België"
3891,"Borlo",50.7421600,5.1813500,"Limburg","België"
3891,"Buvingen",50.7529400,5.1776700,"Limburg","België"
3891,"Mielen-Boven-Aalst",50.7554353,5.2150212,"Limburg","België"
3891,"Muizen",50.7602400,5.1794400,"Limburg","België"
"3900,3910","Pelt",51.2333333,5.4333333,"Limburg","België"
3910,"Sint-Huibrechts-Lille",51.2225100,5.4957600,"Limburg","België"
3920,"Lommel",51.2304193,5.3110063,"Limburg","België"
3930,"Achel",51.2522400,5.4795300,"Limburg","België"
3930,"Hamont",51.2527200,5.5495300,"Limburg","België"
3930,"Hamont-Achel",51.2697668,5.5154222,"Limburg","België"
3940,"Hechtel",51.1252349,5.3661124,"Limburg","België"
3940,"Hechtel-Eksel",51.1105222,5.3295958,"Limburg","België"
3941,"Eksel",51.1546138,5.3943545,"Limburg","België"
3945,"Ham",51.1038173,5.1777363,"Limburg","België"
3945,"Kwaadmechelen",51.1007200,5.1441600,"Limburg","België"
3945,"Oostham",51.1037300,5.1802200,"Limburg","België"
3950,"Bocholt",51.1729100,5.5789900,"Limburg","België"
3950,"Kaulille",51.1871700,5.5256800,"Limburg","België"
3950,"Reppel",51.1550600,5.5630900,"Limburg","België"
3960,"Beek",51.1558000,5.6035900,"Limburg","België"
3960,"Bree",51.1409900,5.5980200,"Limburg","België"
3960,"Gerdingen",51.1480400,5.5802000,"Limburg","België"
3960,"Opitter",51.1165700,5.6497200,"Limburg","België"
3960,"Tongerlo",51.1285600,5.6614500,"Limburg","België"
3970,"Leopoldsburg",51.1183684,5.2506950,"Limburg","België"
3971,"Heppen",51.1088735,5.2285739,"Limburg","België"
3980,"Tessenderlo",51.0642666,5.0881938,"Limburg","België"
3990,"Grote-Brogel",51.1543500,5.5083800,"Limburg","België"
3990,"Kleine-Brogel",51.1725800,5.4501900,"Limburg","België"
3990,"Peer",51.1329000,5.4536000,"Limburg","België"
3990,"Wijchmaal",51.1355600,5.4131100,"Limburg","België"
4000,"Glain",50.6478600,5.5435700,"Luik","België"
4000,"LiÈge",50.6350757,5.5628874,"Luik","België"
4000,"Rocourt",50.6758900,5.5458300,"Luik","België"
4020,"Bressoux",50.6399400,5.6059000,"Luik","België"
4020,"Jupille-Sur-Meuse",50.6454700,5.6348800,"Luik","België"
4020,"LiÈge",50.6423532,5.6279411,"Luik","België"
4020,"Wandre",50.6671500,5.6588300,"Luik","België"
4030,"Grivegnee",50.6216000,5.6107400,"Luik","België"
4031,"Angleur",50.6113500,5.5994300,"Luik","België"
4032,"Chênee",50.6122000,5.6137000,"Luik","België"
4040,"Herstal",50.6787306,5.6288850,"Luik","België"
4041,"Milmort",50.6903579,5.5922106,"Luik","België"
4041,"Vottem",50.6710455,5.5784697,"Luik","België"
4042,"Liers",50.6936460,5.5638281,"Luik","België"
4050,"Chaudfontaine",50.5896391,5.6427754,"Luik","België"
4051,"Vaux-Sous-Chèvremont",50.6010507,5.6318794,"Luik","België"
4052,"Beaufays",50.5586829,5.6387873,"Luik","België"
4053,"Embourg",50.5903039,5.6069213,"Luik","België"
4075,"Csm Liege X",50.5857729,5.6411104,"Luik","België"
4100,"Boncelles",50.5709023,5.5364671,"Luik","België"
4100,"Seraing",50.5838596,5.4996297,"Luik","België"
4101,"Jemeppe-Sur-Meuse",50.6175969,5.4951966,"Luik","België"
4102,"Ougrée",50.6012358,5.5443411,"Luik","België"
4120,"Ehein",50.5452937,5.4444311,"Luik","België"
4120,"NeuprÉ",50.5326636,5.4761468,"Luik","België"
4120,"Rotheux-Rimière",50.5346824,5.4810832,"Luik","België"
4121,"Neuville-En-Condroz",50.5524877,5.4511519,"Luik","België"
4122,"Plainevaux",50.5453134,5.5242890,"Luik","België"
4130,"Esneux",50.5350365,5.5684225,"Luik","België"
4130,"Tilff",50.5640699,5.5759823,"Luik","België"
4140,"Dolembreux",50.5360657,5.6328890,"Luik","België"
4140,"Gomzé-Andoumont",50.5474223,5.6896830,"Luik","België"
4140,"Rouvreux",50.4896684,5.6501920,"Luik","België"
4140,"Sprimont",50.5115650,5.6460921,"Luik","België"
4141,"Louveigné",50.5302309,5.7162168,"Luik","België"
4160,"Anthisnes",50.4820511,5.5194716,"Luik","België"
4161,"Villers-Aux-Tours",50.4978813,5.5162168,"Luik","België"
4162,"Hody",50.4864593,5.5038981,"Luik","België"
4163,"Tavier",50.4963213,5.4705965,"Luik","België"
4170,"Comblain-Au-Pont",50.4740721,5.5626210,"Luik","België"
4171,"Poulseur",50.5087030,5.5785541,"Luik","België"
4180,"Comblain-Fairon",50.4467427,5.5473277,"Luik","België"
4180,"Comblain-La-Tour",50.4542848,5.5717044,"Luik","België"
4180,"Hamoir",50.4384106,5.5492373,"Luik","België"
4181,"Filot",50.4265400,5.5668000,"Luik","België"
4190,"FerriÈres",50.4002900,5.6056400,"Luik","België"
4190,"My",50.4054300,5.5734100,"Luik","België"
4190,"Vieuxville",50.3937900,5.5495500,"Luik","België"
4190,"Werbomont",50.3803700,5.6839600,"Luik","België"
4190,"Xhoris",50.4454900,5.6043600,"Luik","België"
4210,"Burdinne",50.5841100,5.0764300,"Luik","België"
4210,"Hannêche",50.5779300,5.0478800,"Luik","België"
4210,"Lamontzée",50.5844100,5.0925400,"Luik","België"
4210,"Marneffe",50.5803800,5.1467400,"Luik","België"
4210,"Oteppe",50.5805489,5.1265557,"Luik","België"
4217,"HÉron",50.5526795,5.0922925,"Luik","België"
4217,"Lavoir",50.5502640,5.1196405,"Luik","België"
4217,"Waret-L'evêque",50.5484795,5.0612138,"Luik","België"
4218,"Couthuin",50.5314526,5.1224958,"Luik","België"
4219,"Acosse",50.5927700,5.0465700,"Luik","België"
4219,"Ambresin",50.6304500,5.0305700,"Luik","België"
4219,"Meeffe",50.6075000,5.0182100,"Luik","België"
4219,"Wasseiges",50.6175400,5.0016200,"Luik","België"
4250,"Boëlhe",50.6821400,5.1664600,"Luik","België"
4250,"Geer",50.6701762,5.1828092,"Luik","België"
4250,"Hollogne-Sur-Geer",50.6766000,5.2054100,"Luik","België"
4250,"Lens-Saint-Servais",50.6635700,5.1558500,"Luik","België"
4252,"Omal",50.6558400,5.1993700,"Luik","België"
4253,"Darion",50.6645800,5.1865400,"Luik","België"
4254,"Ligney",50.6614800,5.1822700,"Luik","België"
4257,"Berloz",50.6987500,5.2126500,"Luik","België"
4257,"Corswarem",50.7107800,5.2132400,"Luik","België"
4257,"Rosoux-Crenwick",50.7074100,5.1894900,"Luik","België"
4260,"Avennes",50.6294922,5.1127625,"Luik","België"
4260,"Braives",50.6282300,5.1488100,"Luik","België"
4260,"Ciplet",50.6183437,5.0926809,"Luik","België"
4260,"Fallais",50.6102200,5.1703900,"Luik","België"
4260,"Fumal",50.5866100,5.1831300,"Luik","België"
4260,"Ville-En-Hesbaye",50.6157563,5.1159028,"Luik","België"
4261,"Latinne",50.6247500,5.1640100,"Luik","België"
4263,"Tourinne",50.6390200,5.1745700,"Luik","België"
4280,"Abolens",50.6730200,5.1488600,"Luik","België"
4280,"Avernas-Le-Bauduin",50.6942800,5.0786100,"Luik","België"
4280,"Avin",50.6221500,5.0693200,"Luik","België"
4280,"Bertrée",50.6952100,5.0913300,"Luik","België"
4280,"Blehen",50.6643018,5.1225686,"Luik","België"
4280,"Cras-Avernas",50.6973300,5.1236300,"Luik","België"
4280,"Crehen",50.6599300,5.0634000,"Luik","België"
4280,"Grand-Hallet",50.6955500,5.0322200,"Luik","België"
4280,"Hannut",50.6721500,5.0777600,"Luik","België"
4280,"Lens-Saint-Remy",50.6543514,5.1331258,"Luik","België"
4280,"Merdorp",50.6483200,5.0004400,"Luik","België"
4280,"Moxhe",50.6305700,5.0834600,"Luik","België"
4280,"Petit-Hallet",50.6875800,5.0172100,"Luik","België"
4280,"Poucet",50.6758800,5.1165300,"Luik","België"
4280,"Thisnes",50.6658000,5.0467700,"Luik","België"
4280,"Trognée",50.6872500,5.1247700,"Luik","België"
4280,"Villers-Le-Peuplier",50.6562000,5.0958400,"Luik","België"
4280,"Wansin",50.6789800,5.0190400,"Luik","België"
4287,"Lincent",50.7128616,5.0305803,"Luik","België"
4287,"Pellaines",50.7257187,5.0070620,"Luik","België"
4287,"Racour",50.7396057,5.0289273,"Luik","België"
4300,"Bettincourt",50.7125100,5.2358400,"Luik","België"
4300,"Bleret",50.6892900,5.2873400,"Luik","België"
4300,"Bovenistier",50.6678000,5.2838900,"Luik","België"
4300,"Grand-Axhe",50.6805500,5.2295800,"Luik","België"
4300,"Lantremange",50.7117100,5.2956100,"Luik","België"
4300,"Oleye",50.7138200,5.2811300,"Luik","België"
4300,"Waremme",50.6975700,5.2555300,"Luik","België"
4317,"Aineffe",50.6255700,5.2574900,"Luik","België"
4317,"Borlez",50.6332500,5.2433100,"Luik","België"
4317,"Celles",50.6541500,5.2461400,"Luik","België"
4317,"Faimes",50.6618300,5.2600900,"Luik","België"
4317,"Les Waleffes",50.6377900,5.2232900,"Luik","België"
4317,"Viemme",50.6467900,5.2722400,"Luik","België"
4340,"Awans",50.6668610,5.4628633,"Luik","België"
4340,"Fooz",50.6759853,5.4359267,"Luik","België"
4340,"Othée",50.7157403,5.4671194,"Luik","België"
4340,"Villers-L'evêque",50.7044467,5.4395108,"Luik","België"
4342,"Hognoul",50.6814461,5.4543405,"Luik","België"
4347,"Fexhe-Le-Haut-Clocher",50.6653330,5.3994597,"Luik","België"
4347,"Freloux",50.6804933,5.4065984,"Luik","België"
4347,"Noville",50.6599134,5.3822669,"Luik","België"
4347,"Roloux",50.6510925,5.3974408,"Luik","België"
4347,"Voroux-Goreux",50.6548149,5.4291442,"Luik","België"
4350,"Lamine",50.6890700,5.3347200,"Luik","België"
4350,"Momalle",50.6856900,5.3758100,"Luik","België"
4350,"Pousset",50.6947600,5.3042000,"Luik","België"
4350,"Remicourt",50.6802000,5.3284400,"Luik","België"
4351,"Hodeige",50.6960700,5.3416700,"Luik","België"
4357,"Donceel",50.6457700,5.3213800,"Luik","België"
4357,"Haneffe",50.6379100,5.3204600,"Luik","België"
4357,"Jeneffe",50.6511100,5.3543400,"Luik","België"
4357,"Limont",50.6605976,5.3114031,"Luik","België"
4360,"Bergilers",50.7154300,5.3289700,"Luik","België"
4360,"Grandville",50.7234100,5.3388100,"Luik","België"
4360,"Lens-Sur-Geer",50.7211400,5.3509900,"Luik","België"
4360,"Oreye",50.7317500,5.3577000,"Luik","België"
4360,"Otrange",50.7360100,5.3785500,"Luik","België"
4367,"CrisnÉe",50.7173633,5.3977032,"Luik","België"
4367,"Fize-Le-Marsal",50.7023863,5.3855696,"Luik","België"
4367,"Kemexhe",50.6973611,5.4075417,"Luik","België"
4367,"Odeur",50.7064872,5.4164174,"Luik","België"
4367,"Thys",50.7225445,5.3904320,"Luik","België"
4400,"Awirs",50.5999117,5.4061097,"Luik","België"
4400,"Chokier",50.5911345,5.4419320,"Luik","België"
4400,"FlÉmalle",50.6018700,5.4433500,"Luik","België"
4400,"Flémalle-Grande",50.6087724,5.4765157,"Luik","België"
4400,"Flémalle-Haute",50.6001541,5.4459559,"Luik","België"
4400,"Gleixhe",50.6130146,5.3893727,"Luik","België"
4400,"Ivoz-Ramet",50.5883864,5.4638963,"Luik","België"
4400,"Mons-Lez-Liège",50.6233740,5.4558943,"Luik","België"
4420,"Montegnée",50.6453400,5.5141400,"Luik","België"
4420,"Saint-Nicolas",50.6292407,5.5321898,"Luik","België"
4420,"Tilleur",50.6194824,5.5201566,"Luik","België"
4430,"Ans",50.6602130,5.5265524,"Luik","België"
4431,"Loncin",50.6662400,5.5052100,"Luik","België"
4432,"Alleur",50.6743400,5.5133800,"Luik","België"
4432,"Xhendremael",50.7050200,5.4831000,"Luik","België"
4450,"Juprelle",50.7096477,5.5267686,"Luik","België"
4450,"Lantin",50.6885256,5.5246269,"Luik","België"
4450,"Slins",50.7277297,5.5637966,"Luik","België"
4451,"Voroux-Lez-Liers",50.6875929,5.5549161,"Luik","België"
4452,"Paifve",50.7283378,5.5249034,"Luik","België"
4452,"Wihogne",50.7271304,5.5066908,"Luik","België"
4453,"Villers-Saint-Siméon",50.7111071,5.5388369,"Luik","België"
4458,"Fexhe-Slins",50.7200300,5.5695400,"Luik","België"
4460,"Bierset",50.6550000,5.4509200,"Luik","België"
4460,"Grâce-Berleur",50.6400100,5.5019000,"Luik","België"
4460,"GrÂce-Hollogne",50.6341200,5.4756600,"Luik","België"
4460,"Hollogne-Aux-Pierres",50.6403400,5.4708400,"Luik","België"
4460,"Horion-Hozémont",50.6283400,5.3796100,"Luik","België"
4460,"Velroux",50.6429000,5.4243700,"Luik","België"
4470,"Saint-Georges-Sur-Meuse",50.6000700,5.3575600,"Luik","België"
4480,"Clermont-Sous-Huy",50.5693910,5.3918142,"Luik","België"
4480,"Ehein",50.2997581,6.1266116,"Luik","België"
4480,"Engis",50.5832252,5.4037136,"Luik","België"
4480,"Hermalle-Sous-Huy",50.5591378,5.3619152,"Luik","België"
4500,"Ben-Ahin",50.5019819,5.1852407,"Luik","België"
4500,"Huy",50.5186775,5.2396514,"Luik","België"
4500,"Tihange",50.5296991,5.2614551,"Luik","België"
4520,"Antheit",50.5489545,5.2403601,"Luik","België"
4520,"Bas-Oha",50.5262731,5.1908989,"Luik","België"
4520,"Huccorgne",50.5672767,5.1655285,"Luik","België"
4520,"Moha",50.5476918,5.1862090,"Luik","België"
4520,"Vinalmont",50.5631337,5.2306622,"Luik","België"
4520,"Wanze",50.5344760,5.2141011,"Luik","België"
4530,"Fize-Fontaine",50.5851000,5.2830100,"Luik","België"
4530,"Vaux-Et-Borset",50.6133200,5.2320700,"Luik","België"
4530,"Vieux-Waleffe",50.6160879,5.2037631,"Luik","België"
4530,"Villers-Le-Bouillet",50.5699683,5.2662704,"Luik","België"
4530,"Warnant-Dreye",50.5952300,5.2275300,"Luik","België"
4537,"Bodegnée",50.5859300,5.3037100,"Luik","België"
4537,"Chapon-Seraing",50.6084100,5.2690400,"Luik","België"
4537,"Seraing-Le-Château",50.6213200,5.2982900,"Luik","België"
4537,"Verlaine",50.6063300,5.3172900,"Luik","België"
4540,"Amay",50.5482792,5.3096648,"Luik","België"
4540,"Ampsin",50.5413781,5.2780528,"Luik","België"
4540,"Flône",50.5575651,5.3360181,"Luik","België"
4540,"Jehay",50.5724773,5.3247092,"Luik","België"
4540,"Ombret",50.5421828,5.3332337,"Luik","België"
4550,"Nandrin",50.5071610,5.4198582,"Luik","België"
4550,"Saint-Séverin",50.5298269,5.4112136,"Luik","België"
4550,"Villers-Le-Temple",50.5173291,5.3595062,"Luik","België"
4550,"Yernée-Fraineux",50.5290790,5.3839140,"Luik","België"
4557,"Abée",50.4730891,5.3564959,"Luik","België"
4557,"Fraiture",50.4784330,5.4194689,"Luik","België"
4557,"Ramelot",50.4669858,5.3331598,"Luik","België"
4557,"Seny",50.4589883,5.4015811,"Luik","België"
4557,"Soheit-Tinlot",50.4834221,5.3885701,"Luik","België"
4557,"Tinlot",50.4777355,5.3788180,"Luik","België"
4560,"Bois-Et-Borsu",50.3892980,5.3227509,"Luik","België"
4560,"Clavier",50.4114801,5.3635498,"Luik","België"
4560,"Les Avins",50.4161066,5.3016015,"Luik","België"
4560,"Ocquier",50.3956189,5.3937321,"Luik","België"
4560,"Pailhe",50.4228394,5.2582114,"Luik","België"
4560,"Terwagne",50.4443430,5.3482649,"Luik","België"
4570,"Marchin",50.4651700,5.2420400,"Luik","België"
4570,"Vyle-Et-Tharoul",50.4445000,5.2615200,"Luik","België"
4577,"Modave",50.4423750,5.3007316,"Luik","België"
4577,"Outrelouxhe",50.5032627,5.3346305,"Luik","België"
4577,"Strée-Lez-Huy",50.4931942,5.3218809,"Luik","België"
4577,"Vierset-Barse",50.4834371,5.2976608,"Luik","België"
4590,"Ellemelle",50.4675200,5.4443400,"Luik","België"
4590,"Ouffet",50.4381000,5.4653800,"Luik","België"
4590,"Warzée",50.4492900,5.4282800,"Luik","België"
4600,"Lanaye",50.7816616,5.6945353,"Luik","België"
4600,"Lixhe",50.7567965,5.6793302,"Luik","België"
4600,"Richelle",50.7136425,5.6952993,"Luik","België"
4600,"VisÉ",50.7436241,5.6866789,"Luik","België"
4601,"Argenteau",50.6961555,5.6876046,"Luik","België"
4602,"Cheratte",50.6837494,5.6707829,"Luik","België"
4606,"Saint-André",50.6956754,5.7530732,"Luik","België"
4607,"Berneau",50.7427406,5.7306194,"Luik","België"
4607,"Bombaye",50.7307281,5.7448822,"Luik","België"
4607,"Dalhem",50.7205105,5.7331059,"Luik","België"
4607,"Feneur",50.7042957,5.7149169,"Luik","België"
4607,"Mortroux",50.7114781,5.7536961,"Luik","België"
4608,"Neufchâteau",50.7193680,5.7757062,"Luik","België"
4608,"Warsage",50.7355105,5.7691321,"Luik","België"
4610,"Bellaire",50.6449882,5.6654339,"Luik","België"
4610,"Beyne-Heusay",50.6216012,5.6558548,"Luik","België"
4610,"Queue-Du-Bois",50.6373747,5.6789257,"Luik","België"
4620,"FlÉron",50.6179541,5.6845374,"Luik","België"
4621,"Retinne",50.6301336,5.6971829,"Luik","België"
4623,"Magnée",50.5996569,5.6884335,"Luik","België"
4624,"Romsée",50.6106080,5.6645040,"Luik","België"
4630,"Ayeneux",50.6077652,5.7168110,"Luik","België"
4630,"Micheroux",50.6265063,5.7211700,"Luik","België"
4630,"Soumagne",50.6162143,5.7372708,"Luik","België"
4630,"Tignée",50.6512700,5.7020100,"Luik","België"
4631,"Evegnée",50.6421700,5.7087500,"Luik","België"
4632,"Cérexhe-Heuseux",50.6541483,5.7264702,"Luik","België"
4633,"Melen",50.6460486,5.7359996,"Luik","België"
4650,"Chaineux",50.6316775,5.8344045,"Luik","België"
4650,"Grand-Rechain",50.6074436,5.8099828,"Luik","België"
4650,"Herve",50.6317827,5.8425762,"Luik","België"
4650,"Julémont",50.6860172,5.7713927,"Luik","België"
4651,"Battice",50.6474662,5.8207169,"Luik","België"
4652,"Xhendelesse",50.6050929,5.7782579,"Luik","België"
4653,"Bolland",50.6610700,5.7603700,"Luik","België"
4654,"Charneux",50.6698339,5.8041681,"Luik","België"
4670,"BlÉgny",50.6792685,5.7246643,"Luik","België"
4670,"Mortier",50.6850484,5.7434908,"Luik","België"
4670,"Trembleur",50.6953980,5.7264581,"Luik","België"
4671,"Barchon",50.6686600,5.6999200,"Luik","België"
4671,"Housse",50.6789837,5.6910818,"Luik","België"
4671,"Saive",50.6530557,5.6858939,"Luik","België"
4672,"Saint-Remy",50.6954433,5.7044415,"Luik","België"
4680,"Hermée",50.7079438,5.6184661,"Luik","België"
4680,"Oupeye",50.7127029,5.6261513,"Luik","België"
4681,"Hermalle-Sous-Argenteau",50.7112191,5.6800351,"Luik","België"
4682,"Heure-Le-Romain",50.7313994,5.6332813,"Luik","België"
4682,"Houtain-Saint-Siméon",50.7398627,5.6118142,"Luik","België"
4683,"Vivegnis",50.6948109,5.6467328,"Luik","België"
4684,"Haccourt",50.7303379,5.6688849,"Luik","België"
4690,"Bassenge",50.7591324,5.6100672,"Luik","België"
4690,"Boirs",50.7509508,5.5800373,"Luik","België"
4690,"Eben-Emael",50.7933169,5.6656377,"Luik","België"
4690,"Glons",50.7520728,5.5450180,"Luik","België"
4690,"Roclenge-Sur-Geer",50.7569143,5.5953980,"Luik","België"
4690,"Wonck",50.7669118,5.6358592,"Luik","België"
4700,"Eupen",50.6133173,6.1011205,"Luik","België"
4701,"Kettenis",50.6472977,6.0468960,"Luik","België"
4710,"Lontzen",50.6816693,5.9875637,"Luik","België"
4711,"Walhorn",50.6746900,6.0454900,"Luik","België"
4720,"La Calamine",50.7193507,6.0118307,"Luik","België"
4721,"Neu-Moresnet",50.7160816,6.0213233,"Luik","België"
4728,"Hergenrath",50.7089534,6.0314237,"Luik","België"
4730,"Hauset",50.7104323,6.0696188,"Luik","België"
4730,"Raeren",50.6770198,6.1097331,"Luik","België"
4731,"Eynatten",50.6921704,6.0834561,"Luik","België"
4750,"Butgenbach",50.4266339,6.2042885,"Luik","België"
4750,"Elsenborn",50.4806086,6.2513662,"Luik","België"
4760,"Bullange",50.3739957,6.3042715,"Luik","België"
4760,"Manderfeld",50.3302124,6.3412395,"Luik","België"
4761,"Rocherath",50.4365286,6.3005753,"Luik","België"
4770,"AmblÈve",50.3542165,6.1694635,"Luik","België"
4770,"Meyerode",50.3179876,6.1897305,"Luik","België"
4771,"Heppenbach",50.3627954,6.2185552,"Luik","België"
4780,"Recht",50.3340631,6.0430930,"Luik","België"
4780,"Saint-Vith",50.2797224,6.1304560,"Luik","België"
4782,"Schoenberg",50.2887806,6.2652657,"Luik","België"
4783,"Lommersweiler",50.2388377,6.1655027,"Luik","België"
4784,"Crombach",50.2594213,6.0689550,"Luik","België"
4790,"Burg-Reuland",50.1966077,6.1376625,"Luik","België"
4790,"Reuland",50.1966077,6.1376625,"Luik","België"
4791,"Thommen",50.2182100,6.0739100,"Luik","België"
4800,"Ensival",50.5812596,5.8460072,"Luik","België"
4800,"Lambermont",50.5904288,5.8323452,"Luik","België"
4800,"Petit-Rechain",50.6144000,5.8344700,"Luik","België"
4800,"Polleur",50.5347397,5.8802762,"Luik","België"
4800,"Verviers",50.5910337,5.8655774,"Luik","België"
4801,"Stembert",50.5923294,5.8928874,"Luik","België"
4802,"Heusy",50.5745445,5.8662821,"Luik","België"
4820,"Dison",50.6125223,5.8534370,"Luik","België"
4821,"Andrimont",50.6139966,5.8844864,"Luik","België"
4830,"Limbourg",50.6036651,5.9357239,"Luik","België"
4831,"Bilstain",50.6243826,5.9198628,"Luik","België"
4834,"Goé",50.6061874,5.9567645,"Luik","België"
4837,"Baelen",50.6301763,5.9692046,"Luik","België"
4837,"Membach",50.6190500,5.9950100,"Luik","België"
4840,"Welkenraedt",50.6568973,5.9630388,"Luik","België"
4841,"Henri-Chapelle",50.6691380,5.9271962,"Luik","België"
4845,"Jalhay",50.5588226,5.9662952,"Luik","België"
4845,"Sart-Lez-Spa",50.5168580,5.9319544,"Luik","België"
4850,"Montzen",50.7075790,5.9619403,"Luik","België"
4850,"Moresnet",50.7211350,5.9889959,"Luik","België"
4850,"PlombiÈres",50.7193635,5.9635214,"Luik","België"
4851,"Gemmenich",50.7453476,5.9943856,"Luik","België"
4851,"Sippenaeken",50.7507270,5.9337213,"Luik","België"
4852,"Hombourg",50.7233365,5.9211923,"Luik","België"
4860,"Cornesse",50.5723031,5.7955711,"Luik","België"
4860,"Pepinster",50.5682638,5.8033087,"Luik","België"
4860,"Wegnez",50.5792278,5.8166757,"Luik","België"
4861,"Soiron",50.5918060,5.7904364,"Luik","België"
4870,"Forêt",50.5835849,5.6998538,"Luik","België"
4870,"Fraipont",50.5656406,5.7238334,"Luik","België"
4870,"Nessonvaux",50.5729394,5.7370077,"Luik","België"
4870,"Trooz",50.5786521,5.6730779,"Luik","België"
4877,"Olne",50.5900615,5.7465679,"Luik","België"
4880,"Aubel",50.7021296,5.8592295,"Luik","België"
4890,"Clermont",50.6590232,5.8845514,"Luik","België"
4890,"Thimister",50.6541950,5.8640069,"Luik","België"
4890,"Thimister-Clermont",50.6542116,5.8640147,"Luik","België"
4900,"Spa",50.4924300,5.8643200,"Luik","België"
4910,"La Reid",50.4893888,5.7905890,"Luik","België"
4910,"Polleur",50.5390463,5.8807055,"Luik","België"
4910,"Theux",50.5350997,5.8141884,"Luik","België"
4920,"Aywaille",50.4731800,5.6758400,"Luik","België"
4920,"Ernonheid",50.4033800,5.6663000,"Luik","België"
4920,"Harzé",50.4409600,5.6665100,"Luik","België"
4920,"Louveigné",50.4839900,5.7174700,"Luik","België"
4920,"Sougné-Remouchamps",50.4798700,5.7118500,"Luik","België"
4950,"Faymonville",50.4027387,6.1408548,"Luik","België"
4950,"Robertville",50.4545013,6.1221420,"Luik","België"
4950,"Sourbrodt",50.4789500,6.1117500,"Luik","België"
4950,"Waimes",50.4148914,6.1115604,"Luik","België"
4960,"Bellevaux-Ligneuville",50.3906700,6.0057700,"Luik","België"
4960,"Bevercé",50.4409143,6.0357210,"Luik","België"
4960,"Malmedy",50.4246396,6.0283276,"Luik","België"
4970,"Francorchamps",50.4543456,5.9522139,"Luik","België"
4970,"Stavelot",50.3941099,5.9304135,"Luik","België"
4980,"Fosse",50.3411966,5.8412377,"Luik","België"
4980,"Trois-Ponts",50.3528769,5.9177072,"Luik","België"
4980,"Wanne",50.3550332,5.9216510,"Luik","België"
4983,"Basse-Bodeux",50.3565744,5.8305234,"Luik","België"
4987,"Chevron",50.3802778,5.7325146,"Luik","België"
4987,"La Gleize",50.4112600,5.8491514,"Luik","België"
4987,"Lorcé",50.4162542,5.7350483,"Luik","België"
4987,"Rahier",50.3848697,5.7807855,"Luik","België"
4987,"Stoumont",50.4068434,5.8086125,"Luik","België"
4990,"Arbrefontaine",50.3027600,5.8354100,"Luik","België"
4990,"Bra",50.3233900,5.7323000,"Luik","België"
4990,"Lierneux",50.2848031,5.7950312,"Luik","België"
5000,"Beez",50.4686653,4.9118340,"Namen","België"
5000,"Namur",50.4592670,4.8504571,"Namen","België"
5001,"Belgrade",50.4707019,4.8256487,"Namen","België"
5002,"Saint-Servais",50.4766054,4.8344548,"Namen","België"
5003,"Saint-Marc",50.4915149,4.8473250,"Namen","België"
5004,"Bouge",50.4719872,4.8915392,"Namen","België"
5012,"Parlement Wallon",50.4608774,4.8678855,"Namen","België"
5020,"Champion",50.4958176,4.9015766,"Namen","België"
5020,"Daussoulx",50.5181967,4.8886216,"Namen","België"
5020,"Flawinne",50.4573800,4.8109600,"Namen","België"
5020,"Malonne",50.4389600,4.7956600,"Namen","België"
5020,"Suarlée",50.4819500,4.7788500,"Namen","België"
5020,"Temploux",50.4852600,4.7543400,"Namen","België"
5020,"Vedrin",50.5022173,4.8760877,"Namen","België"
5021,"Boninne",50.4953566,4.9324641,"Namen","België"
5022,"Cognelée",50.5148464,4.9070712,"Namen","België"
5024,"Gelbressée",50.5055017,4.9561010,"Namen","België"
5024,"Marche-Les-Dames",50.4863306,4.9602568,"Namen","België"
5030,"Beuzet",50.5339100,4.7458400,"Namen","België"
5030,"Ernage",50.5923601,4.6719178,"Namen","België"
5030,"Gembloux",50.5742906,4.7016542,"Namen","België"
5030,"Grand-Manil",50.5570700,4.6754800,"Namen","België"
5030,"Lonzée",50.5529900,4.7263700,"Namen","België"
5030,"Sauvenière",50.5806500,4.7234800,"Namen","België"
5031,"Grand-Leez",50.5837400,4.7746900,"Namen","België"
5032,"Bossière",50.5180000,4.6957900,"Namen","België"
5032,"Bothey",50.5204300,4.6489400,"Namen","België"
5032,"Corroy-Le-Château",50.5387700,4.6627900,"Namen","België"
5032,"Isnes",50.5059800,4.7282700,"Namen","België"
5032,"Mazy",50.5104800,4.6726300,"Namen","België"
5060,"Arsimont",50.4285300,4.6388000,"Namen","België"
5060,"Auvelais",50.4493800,4.6302400,"Namen","België"
5060,"Falisolle",50.4177600,4.6208700,"Namen","België"
5060,"Keumiée",50.4526305,4.5960362,"Namen","België"
5060,"Moignelée",50.4454200,4.5845500,"Namen","België"
5060,"Sambreville",50.4467340,4.6307350,"Namen","België"
5060,"Tamines",50.4335300,4.6081900,"Namen","België"
5060,"Velaine-Sur-Sambre",50.4674000,4.6140200,"Namen","België"
5070,"Aisemont",50.4050400,4.6520900,"Namen","België"
5070,"Fosses-La-Ville",50.3945500,4.6961700,"Namen","België"
5070,"Le Roux",50.3890000,4.6239800,"Namen","België"
5070,"Sart-Eustache",50.3754000,4.6025900,"Namen","België"
5070,"Sart-Saint-Laurent",50.4022400,4.7416900,"Namen","België"
5070,"Vitrival",50.3985900,4.6595600,"Namen","België"
5080,"Emines",50.5121200,4.8446900,"Namen","België"
5080,"La BruyÈre",50.5073930,4.8150906,"Namen","België"
5080,"Rhisnes",50.5062600,4.8056800,"Namen","België"
5080,"Villers-Lez-Heest",50.5299800,4.8455800,"Namen","België"
5080,"Warisoulx",50.5366000,4.8665900,"Namen","België"
5081,"Bovesse",50.5191700,4.7806100,"Namen","België"
5081,"Meux",50.5519600,4.8010300,"Namen","België"
5081,"Saint-Denis-Bovesse",50.5353200,4.7818500,"Namen","België"
5100,"Dave",50.4143728,4.8877835,"Namen","België"
5100,"Jambes",50.4563673,4.8718770,"Namen","België"
5100,"Naninne",50.4185928,4.9239001,"Namen","België"
5100,"Wépion",50.4212060,4.8633172,"Namen","België"
5100,"Wierde",50.4260307,4.9509671,"Namen","België"
5101,"Erpent",50.4516025,4.9050011,"Namen","België"
5101,"Lives-Sur-Meuse",50.4654959,4.9241044,"Namen","België"
5101,"Loyers",50.4628570,4.9517789,"Namen","België"
5140,"Boignée",50.5002400,4.6093800,"Namen","België"
5140,"Ligny",50.5122800,4.5770200,"Namen","België"
5140,"Sombreffe",50.5287100,4.5884000,"Namen","België"
5140,"Tongrinne",50.5155000,4.6253000,"Namen","België"
5150,"Floreffe",50.4340500,4.7592200,"Namen","België"
5150,"Floriffoux",50.4519800,4.7716100,"Namen","België"
5150,"Franière",50.4359200,4.7328000,"Namen","België"
5150,"Soye",50.4493600,4.7304100,"Namen","België"
5170,"Arbre",50.3661200,4.8212600,"Namen","België"
5170,"Bois-De-Villers",50.3901900,4.8240800,"Namen","België"
5170,"Lesve",50.3768600,4.7779100,"Namen","België"
5170,"Lustin",50.3782500,4.8987600,"Namen","België"
5170,"Profondeville",50.3756621,4.8674002,"Namen","België"
5170,"Rivière",50.3565500,4.8745300,"Namen","België"
5190,"Balâtre",50.5003106,4.6395677,"Namen","België"
5190,"Ham-Sur-Sambre",50.4426813,4.6735065,"Namen","België"
5190,"Jemeppe-Sur-Sambre",50.4630907,4.6786862,"Namen","België"
5190,"Mornimont",50.4563509,4.7043225,"Namen","België"
5190,"Moustier-Sur-Sambre",50.4568755,4.6944478,"Namen","België"
5190,"Onoz",50.4920447,4.6697337,"Namen","België"
5190,"Saint-Martin",50.5018823,4.6473489,"Namen","België"
5190,"Spy",50.4796529,4.7042186,"Namen","België"
5300,"Andenne",50.4911522,5.0964543,"Namen","België"
5300,"Bonneville",50.4719693,5.0369958,"Namen","België"
5300,"Coutisse",50.4629612,5.1166532,"Namen","België"
5300,"Landenne",50.5149815,5.0669512,"Namen","België"
5300,"Maizeret",50.4596144,4.9790011,"Namen","België"
5300,"Namêche",50.4719758,4.9945844,"Namen","België"
5300,"Sclayn",50.4896345,5.0277233,"Namen","België"
5300,"Seilles",50.5002414,5.0931162,"Namen","België"
5300,"Thon",50.4633535,5.0145871,"Namen","België"
5300,"Vezin",50.4958205,5.0087682,"Namen","België"
5310,"Aische-En-Refail",50.5994800,4.8381900,"Namen","België"
5310,"Bolinne",50.6008300,4.9294000,"Namen","België"
5310,"Boneffe",50.6250800,4.9550800,"Namen","België"
5310,"Branchon",50.6291020,4.9711150,"Namen","België"
5310,"Dhuy",50.5596400,4.8593000,"Namen","België"
5310,"EghezÉe",50.5926500,4.9036500,"Namen","België"
5310,"Hanret",50.5809200,4.9476700,"Namen","België"
5310,"Leuze",50.5460400,4.9061900,"Namen","België"
5310,"Liernu",50.5836900,4.8307700,"Namen","België"
5310,"Longchamps",50.5778700,4.8926200,"Namen","België"
5310,"Mehaigne",50.5944300,4.8760700,"Namen","België"
5310,"Noville-Sur-Méhaigne",50.6092400,4.8930800,"Namen","België"
5310,"Saint-Germain",50.5726600,4.8422000,"Namen","België"
5310,"Taviers",50.6173300,4.9315400,"Namen","België"
5310,"Upigny",50.5716300,4.8722300,"Namen","België"
5310,"Waret-La-Chaussée",50.5428100,4.9264400,"Namen","België"
5330,"Assesse",50.3777222,4.9421604,"Namen","België"
5330,"Maillen",50.3772130,4.9707476,"Namen","België"
5330,"Sart-Bernard",50.4024400,4.9630800,"Namen","België"
5332,"Crupet",50.3500900,4.9612400,"Namen","België"
5333,"Sorinne-La-Longue",50.3893000,5.0255100,"Namen","België"
5334,"Florée",50.3742000,5.0688500,"Namen","België"
5336,"Courrière",50.3799400,4.9853200,"Namen","België"
5340,"Faulx-Les-Tombes",50.4269300,5.0208900,"Namen","België"
5340,"Gesves",50.4024613,5.0755536,"Namen","België"
5340,"Haltinne",50.4511000,5.0750100,"Namen","België"
5340,"Mozet",50.4442500,4.9853700,"Namen","België"
5340,"Sorée",50.3973972,5.1200129,"Namen","België"
5350,"Evelette",50.4118900,5.1736400,"Namen","België"
5350,"Ohey",50.4145401,5.1673861,"Namen","België"
5351,"Haillot",50.4421500,5.1542000,"Namen","België"
5352,"Perwez-Haillot",50.4521300,5.1717400,"Namen","België"
5353,"Goesnes",50.4400100,5.2209400,"Namen","België"
5354,"Jallet",50.4432800,5.1833800,"Namen","België"
5360,"Hamois",50.3453749,5.0922322,"Namen","België"
5360,"Natoye",50.3430100,5.0580400,"Namen","België"
5361,"Mohiville",50.3181200,5.1924000,"Namen","België"
5361,"Scy",50.3047900,5.2071800,"Namen","België"
5362,"Achet",50.3329900,5.1749300,"Namen","België"
5363,"Emptinne",50.3254300,5.1230900,"Namen","België"
5364,"Schaltin",50.3589400,5.1245200,"Namen","België"
5370,"Barvaux-Condroz",50.3289100,5.2609000,"Namen","België"
5370,"Flostoy",50.3888599,5.1838818,"Namen","België"
5370,"Havelange",50.3647074,5.2395547,"Namen","België"
5370,"Jeneffe",50.3540700,5.2400500,"Namen","België"
5370,"Porcheresse",50.3401200,5.2419500,"Namen","België"
5370,"Verlée",50.3678400,5.2793600,"Namen","België"
5372,"Méan",50.3632300,5.3363400,"Namen","België"
5374,"Maffe",50.3535100,5.3114000,"Namen","België"
5376,"Miécret",50.3668751,5.2486422,"Namen","België"
5377,"Baillonville",50.2899325,5.3386650,"Namen","België"
5377,"Bonsin",50.3740147,5.3826276,"Namen","België"
5377,"Heure",50.2942459,5.2964444,"Namen","België"
5377,"Hogne",50.2490867,5.2797819,"Namen","België"
5377,"Nettinne",50.2907723,5.2588027,"Namen","België"
5377,"Noiseux",50.2991028,5.3746071,"Namen","België"
5377,"Sinsin",50.2748559,5.2547880,"Namen","België"
5377,"Somme-Leuze",50.3399215,5.3700866,"Namen","België"
5377,"Waillet",50.2604353,5.3045240,"Namen","België"
5380,"Bierwart",50.5558200,5.0362800,"Namen","België"
5380,"Cortil-Wodon",50.5676700,4.9568900,"Namen","België"
5380,"Fernelmont",50.5521080,4.9855088,"Namen","België"
5380,"Forville",50.5739100,4.9982800,"Namen","België"
5380,"Franc-Waret",50.5208100,4.9814100,"Namen","België"
5380,"Hemptinne",50.6032700,4.9883800,"Namen","België"
5380,"Hingeon",50.5254500,5.0068700,"Namen","België"
5380,"Marchovelette",50.5228500,4.9414900,"Namen","België"
5380,"Noville-Les-Bois",50.5567600,4.9841900,"Namen","België"
5380,"Pontillas",50.5490900,5.0210400,"Namen","België"
5380,"Tillier",50.5445900,4.9458100,"Namen","België"
5500,"Anseremme",50.2396000,4.8995100,"Namen","België"
5500,"Bouvignes-Sur-Meuse",50.2721114,4.8992600,"Namen","België"
5500,"Dinant",50.2340362,4.9169434,"Namen","België"
5500,"Dréhance",50.2370200,4.9440600,"Namen","België"
5500,"Falmagne",50.1999538,4.8977622,"Namen","België"
5500,"Falmignoul",50.2054304,4.8926759,"Namen","België"
5500,"Furfooz",50.2239409,4.9588076,"Namen","België"
5501,"Lisogne",50.2808581,4.9710519,"Namen","België"
5502,"Thynes",50.2795875,4.9871679,"Namen","België"
5503,"Sorinnes",50.2592464,4.9789243,"Namen","België"
5504,"Foy-Notre-Dame",50.2469536,4.9898697,"Namen","België"
5520,"Anthée",50.2400205,4.7612111,"Namen","België"
5520,"Onhaye",50.2425159,4.8379125,"Namen","België"
5521,"Serville",50.2501038,4.7806100,"Namen","België"
5522,"Falaen",50.2789650,4.7936119,"Namen","België"
5523,"Sommière",50.2737609,4.8428128,"Namen","België"
5523,"Weillen",50.2605516,4.8251335,"Namen","België"
5524,"Gerin",50.2460666,4.8161879,"Namen","België"
5530,"Dorinne",50.3150100,4.9758800,"Namen","België"
5530,"Durnal",50.3363000,4.9866200,"Namen","België"
5530,"Evrehailles",50.3204600,4.9120600,"Namen","België"
5530,"Godinne",50.3478800,4.8732500,"Namen","België"
5530,"Houx",50.3017300,4.8983400,"Namen","België"
5530,"Mont",50.3533500,4.9029100,"Namen","België"
5530,"Purnode",50.3121800,4.9440300,"Namen","België"
5530,"Spontin",50.3223300,5.0057500,"Namen","België"
5530,"Yvoir",50.3269678,4.8778583,"Namen","België"
5537,"AnhÉe",50.3106400,4.8782900,"Namen","België"
5537,"Annevoie-Rouillon",50.3473800,4.8488200,"Namen","België"
5537,"Bioul",50.3311200,4.7961000,"Namen","België"
5537,"Denée",50.3186200,4.7522300,"Namen","België"
5537,"Haut-Le-Wastia",50.3059700,4.8429300,"Namen","België"
5537,"Sosoye",50.2951800,4.7818300,"Namen","België"
5537,"Warnant",50.3228400,4.8444000,"Namen","België"
5540,"HastiÈre",50.2127777,4.8080740,"Namen","België"
5540,"Hastière-Lavaux",50.2183000,4.8245500,"Namen","België"
5540,"Hermeton-Sur-Meuse",50.1977600,4.8167200,"Namen","België"
5540,"Waulsort",50.2036200,4.8662100,"Namen","België"
5541,"Hastière-Par-Delà",50.2147900,4.8290400,"Namen","België"
5542,"Blaimont",50.1919700,4.8429500,"Namen","België"
5543,"Heer",50.1634700,4.8320800,"Namen","België"
5544,"Agimont",50.1657300,4.7959400,"Namen","België"
5550,"Alle",49.8420224,4.9696522,"Namen","België"
5550,"Bagimont",49.8241864,4.8751812,"Namen","België"
5550,"Bohan",49.8635093,4.8853198,"Namen","België"
5550,"Chairière",49.8620429,4.9511929,"Namen","België"
5550,"Laforet",49.8632092,4.9299586,"Namen","België"
5550,"Membre",49.8657061,4.9019226,"Namen","België"
5550,"Mouzaive",49.8537900,4.9631800,"Namen","België"
5550,"Nafraiture",49.9108760,4.9174164,"Namen","België"
5550,"Orchimont",49.8936202,4.9282121,"Namen","België"
5550,"Pussemange",49.8112700,4.8683500,"Namen","België"
5550,"Sugny",49.8143846,4.9019318,"Namen","België"
5550,"Vresse-Sur-Semois",49.8725882,4.9326558,"Namen","België"
5555,"Baillamont",49.8994166,5.0264170,"Namen","België"
5555,"Bellefontaine",49.9176070,4.9726249,"Namen","België"
5555,"BiÈvre",49.9414154,5.0165882,"Namen","België"
5555,"Cornimont",49.8622424,4.9983726,"Namen","België"
5555,"Graide",49.9514860,5.0661187,"Namen","België"
5555,"Gros-Fays",49.8704212,4.9831444,"Namen","België"
5555,"Monceau-En-Ardenne",49.9057594,4.9877688,"Namen","België"
5555,"Naomé",49.9220528,5.0892790,"Namen","België"
5555,"Oizy",49.8936411,5.0091739,"Namen","België"
5555,"Petit-Fays",49.9020888,4.9686731,"Namen","België"
5560,"Ciergnon",50.1676470,5.0881633,"Namen","België"
5560,"Finnevaux",50.1580053,4.9441390,"Namen","België"
5560,"Houyet",50.1694226,4.9798922,"Namen","België"
5560,"Hulsonniaux",50.2013267,4.9465427,"Namen","België"
5560,"Mesnil-Eglise",50.1649400,4.9634900,"Namen","België"
5560,"Mesnil-Saint-Blaise",50.1688094,4.8850580,"Namen","België"
5561,"Celles",50.2303800,5.0057628,"Namen","België"
5562,"Custinne",50.2109877,5.0490632,"Namen","België"
5563,"Hour",50.1617078,5.0403821,"Namen","België"
5564,"Wanlin",50.1595134,5.0620298,"Namen","België"
5570,"Baronville",50.1271366,4.9443786,"Namen","België"
5570,"Beauraing",50.1003926,4.9059609,"Namen","België"
5570,"Dion",50.1177827,4.8891263,"Namen","België"
5570,"Felenne",50.0681342,4.8491337,"Namen","België"
5570,"Feschaux",50.1511238,4.9148950,"Namen","België"
5570,"Honnay",50.0816488,5.0393176,"Namen","België"
5570,"Javingue",50.1022158,4.9190727,"Namen","België"
5570,"Vonêche",50.0614965,4.9780885,"Namen","België"
5570,"Wancennes",50.0917430,4.9616119,"Namen","België"
5570,"Winenne",50.0967777,4.8939936,"Namen","België"
5571,"Wiesme",50.1484609,4.9773685,"Namen","België"
5572,"Focant",50.1317614,5.0379324,"Namen","België"
5573,"Martouzin-Neuville",50.1173860,5.0055552,"Namen","België"
5574,"Pondrôme",50.0988595,5.0101680,"Namen","België"
5575,"Bourseigne-Neuve",50.0248700,4.8548600,"Namen","België"
5575,"Bourseigne-Vieille",50.0221200,4.8702400,"Namen","België"
5575,"Gedinne",49.9808100,4.9370700,"Namen","België"
5575,"Houdremont",49.9414800,4.9442600,"Namen","België"
5575,"Louette-Saint-Denis",49.9583700,4.9578600,"Namen","België"
5575,"Louette-Saint-Pierre",49.9605400,4.9274800,"Namen","België"
5575,"Malvoisin",50.0110700,4.9623900,"Namen","België"
5575,"Patignies",50.0000300,4.9513000,"Namen","België"
5575,"Rienne",49.9923900,4.8844600,"Namen","België"
5575,"Sart-Custinne",50.0014700,4.9167500,"Namen","België"
5575,"Vencimont",50.0316900,4.9206300,"Namen","België"
5575,"Willerzie",49.9877800,4.8508300,"Namen","België"
5576,"Froidfontaine",50.0595602,4.9997173,"Namen","België"
5580,"Ave-Et-Auffe",50.1127200,5.1424600,"Namen","België"
5580,"Buissonville",50.2164000,5.2018600,"Namen","België"
5580,"Eprave",50.1439900,5.1591300,"Namen","België"
5580,"Han-Sur-Lesse",50.1254300,5.1875600,"Namen","België"
5580,"Jemelle",50.1625000,5.2662300,"Namen","België"
5580,"Lavaux-Saint-Anne",50.1152632,5.0932728,"Namen","België"
5580,"Lessive",50.1392100,5.1466200,"Namen","België"
5580,"Mont-Gauthier",50.2102900,5.1227300,"Namen","België"
5580,"Rochefort",50.1596036,5.2221665,"Namen","België"
5580,"Villers-Sur-Lesse",50.1535200,5.1136700,"Namen","België"
5580,"Wavreille",50.1210400,5.2484800,"Namen","België"
5589,"Jemelle",50.1357728,5.2796237,"Namen","België"
5590,"Achêne",50.2666792,5.0456342,"Namen","België"
5590,"Braibant",50.3131545,5.0606598,"Namen","België"
5590,"Chevetogne",50.2230794,5.1217844,"Namen","België"
5590,"Ciney",50.2956773,5.1008307,"Namen","België"
5590,"Conneux",50.2500686,5.0596284,"Namen","België"
5590,"Haversin",50.2491900,5.1957100,"Namen","België"
5590,"Leignon",50.2677216,5.1098975,"Namen","België"
5590,"Pessoux",50.2830932,5.1709610,"Namen","België"
5590,"Serinchamps",50.2309395,5.2289113,"Namen","België"
5590,"Sovet",50.2964987,5.0364195,"Namen","België"
5600,"Fagnolle",50.1049300,4.5608300,"Namen","België"
5600,"Franchimont",50.1887500,4.6282400,"Namen","België"
5600,"Jamagne",50.2173200,4.5308100,"Namen","België"
5600,"Jamiolle",50.2098800,4.5066600,"Namen","België"
5600,"Merlemont",50.1764500,4.6111000,"Namen","België"
5600,"Neuville",50.1724900,4.5145200,"Namen","België"
5600,"Omezée",50.1926700,4.7017400,"Namen","België"
5600,"Philippeville",50.1958462,4.5430358,"Namen","België"
5600,"Roly",50.1359100,4.5373600,"Namen","België"
5600,"Romedenne",50.1711300,4.6987000,"Namen","België"
5600,"Samart",50.1782100,4.5341700,"Namen","België"
5600,"Sart-En-Fagne",50.1587000,4.6220100,"Namen","België"
5600,"Sautour",50.1701800,4.5604300,"Namen","België"
5600,"Surice",50.1824900,4.7001700,"Namen","België"
5600,"Villers-En-Fagne",50.1472100,4.5856600,"Namen","België"
5600,"Villers-Le-Gambon",50.1912900,4.6094400,"Namen","België"
5600,"Vodecée",50.1979600,4.5930800,"Namen","België"
5620,"Corenne",50.2522700,4.6802100,"Namen","België"
5620,"Flavion",50.2496000,4.7182400,"Namen","België"
5620,"Florennes",50.2451448,4.6468567,"Namen","België"
5620,"Hemptinne-Lez-Florennes",50.2451448,4.6468567,"Namen","België"
5620,"Morville",50.2304700,4.7418600,"Namen","België"
5620,"Rosée",50.2330700,4.6895900,"Namen","België"
5620,"Saint-Aubin",50.2485100,4.5765700,"Namen","België"
5621,"Hanzinelle",50.2957100,4.5598900,"Namen","België"
5621,"Hanzinne",50.3129400,4.5454700,"Namen","België"
5621,"Morialmé",50.2749800,4.5659300,"Namen","België"
5621,"Thy-Le-Baudouin",50.2961900,4.5229600,"Namen","België"
5630,"Cerfontaine",50.1514001,4.3847036,"Namen","België"
5630,"Daussois",50.2195367,4.4563959,"Namen","België"
5630,"Senzeille",50.1768040,4.4646004,"Namen","België"
5630,"Silenrieux",50.2245931,4.4121787,"Namen","België"
5630,"Soumoy",50.1899126,4.4382183,"Namen","België"
5630,"Villers-Deux-Eglises",50.1899091,4.4824262,"Namen","België"
5640,"Biesme",50.3398700,4.6102400,"Namen","België"
5640,"Biesmerée",50.2974000,4.6800500,"Namen","België"
5640,"Graux",50.3250100,4.7197200,"Namen","België"
5640,"Mettet",50.3174893,4.6464726,"Namen","België"
5640,"Oret",50.3020600,4.6157400,"Namen","België"
5640,"Saint-Gérard",50.3459700,4.7407000,"Namen","België"
5641,"Furnaux",50.3080300,4.7049700,"Namen","België"
5644,"Ermeton-Sur-Biert",50.2968900,4.7190600,"Namen","België"
5646,"Stave",50.2800200,4.6592400,"Namen","België"
5650,"Castillon",50.2466601,4.3523863,"Namen","België"
5650,"Chastrès",50.2679644,4.4596788,"Namen","België"
5650,"Clermont",50.2603112,4.3171266,"Namen","België"
5650,"Fontenelle",50.2479938,4.3837031,"Namen","België"
5650,"Fraire",50.2596787,4.5084637,"Namen","België"
5650,"Pry",50.2710178,4.4304388,"Namen","België"
5650,"Vogenée",50.2404180,4.4526070,"Namen","België"
5650,"Walcourt",50.2537328,4.4267048,"Namen","België"
5650,"Yves-Gomezée",50.2390518,4.4936392,"Namen","België"
5651,"Berzée",50.2886700,4.4015100,"Namen","België"
5651,"Gourdinne",50.2900400,4.4578000,"Namen","België"
5651,"Laneffe",50.2774300,4.4909000,"Namen","België"
5651,"Rognée",50.2671200,4.3901100,"Namen","België"
5651,"Somzée",50.2951700,4.4833600,"Namen","België"
5651,"Tarcienne",50.3116000,4.4963700,"Namen","België"
5651,"Thy-Le-Château",50.2807700,4.4326500,"Namen","België"
5660,"Aublain",50.0682518,4.4087076,"Namen","België"
5660,"Boussu-En-Fagne",50.0758726,4.4713875,"Namen","België"
5660,"Brûly",49.9686542,4.5275589,"Namen","België"
5660,"Brûly-De-Pesche",50.0016768,4.4649941,"Namen","België"
5660,"Couvin",50.0519700,4.4945700,"Namen","België"
5660,"Cul-Des-Sarts",49.9625539,4.4547813,"Namen","België"
5660,"Dailly",50.0579064,4.4359678,"Namen","België"
5660,"Frasnes",50.0772664,4.5087651,"Namen","België"
5660,"Gonrieux",50.0361913,4.4262251,"Namen","België"
5660,"Mariembourg",50.0947687,4.5218479,"Namen","België"
5660,"Pesche",50.0423072,4.4586142,"Namen","België"
5660,"Petigny",50.0586880,4.5319453,"Namen","België"
5660,"Petite-Chapelle",49.9499922,4.5089898,"Namen","België"
5660,"Presgaux",50.0248577,4.4197205,"Namen","België"
5670,"Dourbes",50.0916165,4.5919434,"Namen","België"
5670,"Le Mesnil",50.0313519,4.6716440,"Namen","België"
5670,"Mazée",50.1010872,4.6958496,"Namen","België"
5670,"Nismes",50.0748018,4.5483364,"Namen","België"
5670,"Oignies-En-Thiérache",50.0238633,4.6392754,"Namen","België"
5670,"Olloy-Sur-Viroin",50.0720497,4.6074520,"Namen","België"
5670,"Treignes",50.0926670,4.6708276,"Namen","België"
5670,"Vierves-Sur-Viroin",50.0802842,4.6353180,"Namen","België"
5670,"Viroinval",50.0714722,4.6059942,"Namen","België"
5680,"Doische",50.1362261,4.7461199,"Namen","België"
5680,"Gimnée",50.1314900,4.7092500,"Namen","België"
5680,"Gochenée",50.1838510,4.7599339,"Namen","België"
5680,"Matagne-La-Grande",50.1208100,4.6114600,"Namen","België"
5680,"Matagne-La-Petite",50.1168400,4.6380000,"Namen","België"
5680,"Niverlée",50.1180600,4.6998500,"Namen","België"
5680,"Romerée",50.1358500,4.6753800,"Namen","België"
5680,"Soulme",50.1887300,4.7373500,"Namen","België"
5680,"Vaucelles",50.1128600,4.7434500,"Namen","België"
5680,"Vodelée",50.1724500,4.7323200,"Namen","België"
6000,"Charleroi",50.4108998,4.4446709,"Henegouwen","België"
6001,"Marcinelle",50.4001435,4.4330445,"Henegouwen","België"
6010,"Couillet",50.3914084,4.4589418,"Henegouwen","België"
6020,"Dampremy",50.4171274,4.4308155,"Henegouwen","België"
6030,"Goutroux",50.4068438,4.3607435,"Henegouwen","België"
6030,"Marchienne-Au-Pont",50.4055222,4.3957235,"Henegouwen","België"
6031,"Monceau-Sur-Sambre",50.4166487,4.3763590,"Henegouwen","België"
6032,"Mont-Sur-Marchienne",50.3886584,4.4054580,"Henegouwen","België"
6040,"Jumet",50.4427249,4.4370311,"Henegouwen","België"
6041,"Gosselies",50.4689729,4.4322409,"Henegouwen","België"
6042,"Lodelinsart",50.4315093,4.4471800,"Henegouwen","België"
6043,"Ransart",50.4617198,4.4760083,"Henegouwen","België"
6044,"Roux",50.4411759,4.3859913,"Henegouwen","België"
6060,"Gilly",50.4240349,4.4785997,"Henegouwen","België"
6061,"Montignies-Sur-Sambre",50.4018544,4.4777803,"Henegouwen","België"
6099,"Charleroi X",50.3845193,4.4636041,"Henegouwen","België"
6110,"Montigny-Le-Tilleul",50.3744413,4.3779578,"Henegouwen","België"
6111,"Landelies",50.3798000,4.3507500,"Henegouwen","België"
6120,"Cour-Sur-Heure",50.3002201,4.3894514,"Henegouwen","België"
6120,"Ham-Sur-Heure",50.3221203,4.3880774,"Henegouwen","België"
6120,"Jamioulx",50.3528183,4.4127538,"Henegouwen","België"
6120,"Marbaix",50.3298860,4.3698110,"Henegouwen","België"
6120,"Nalinnes",50.3241156,4.4465124,"Henegouwen","België"
6140,"Fontaine-L'evÊque",50.4100558,4.3249526,"Henegouwen","België"
6141,"Forchies-La-Marche",50.4366400,4.3203600,"Henegouwen","België"
6142,"Leernes",50.3982100,4.3321700,"Henegouwen","België"
6150,"Anderlues",50.4060400,4.2839400,"Henegouwen","België"
6180,"Courcelles",50.4577042,4.3662504,"Henegouwen","België"
6181,"Gouy-Lez-Piéton",50.4908073,4.3342955,"Henegouwen","België"
6182,"Souvret",50.4506298,4.3497084,"Henegouwen","België"
6183,"Trazegnies",50.4626925,4.3301766,"Henegouwen","België"
6200,"Bouffioulx",50.3907200,4.5163500,"Henegouwen","België"
6200,"ChÂtelet",50.4061000,4.5278600,"Henegouwen","België"
6200,"Châtelineau",50.4153300,4.5198600,"Henegouwen","België"
6210,"Frasnes-Lez-Gosselies",50.5314655,4.4461637,"Henegouwen","België"
6210,"Les Bons Villers",50.5427462,4.4476802,"Henegouwen","België"
6210,"Rèves",50.5377515,4.4144975,"Henegouwen","België"
6210,"Villers-Perwin",50.5262517,4.4780447,"Henegouwen","België"
6210,"Wayaux",50.4899237,4.4736079,"Henegouwen","België"
6211,"Mellet",50.5050113,4.4850788,"Henegouwen","België"
6220,"Fleurus",50.4771076,4.5363885,"Henegouwen","België"
6220,"Heppignies",50.4845000,4.4957500,"Henegouwen","België"
6220,"Lambusart",50.4545300,4.5533200,"Henegouwen","België"
6220,"Wangenies",50.4795700,4.5198600,"Henegouwen","België"
6221,"Saint-Amand",50.5063700,4.5498600,"Henegouwen","België"
6222,"Brye",50.5239700,4.5580900,"Henegouwen","België"
6223,"Wagnelée",50.5230100,4.5337100,"Henegouwen","België"
6224,"Wanfercée-Baulet",50.4727400,4.5878300,"Henegouwen","België"
6230,"Buzet",50.5381032,4.3667175,"Henegouwen","België"
6230,"Obaix",50.5424526,4.3175513,"Henegouwen","België"
6230,"Pont-À-Celles",50.5135550,4.3581617,"Henegouwen","België"
6230,"Thiméon",50.4853430,4.4297958,"Henegouwen","België"
6230,"Viesville",50.4897213,4.4088253,"Henegouwen","België"
6238,"Liberchies",50.5138157,4.4215203,"Henegouwen","België"
6238,"Luttre",50.5097805,4.3914653,"Henegouwen","België"
6240,"Farciennes",50.4299400,4.5415000,"Henegouwen","België"
6240,"Pironchamps",50.4324843,4.5364464,"Henegouwen","België"
6250,"Aiseau",50.4111400,4.5864400,"Henegouwen","België"
6250,"Aiseau-Presles",50.4100045,4.5866980,"Henegouwen","België"
6250,"Pont-De-Loup",50.4161900,4.5454700,"Henegouwen","België"
6250,"Presles",50.3839100,4.5786600,"Henegouwen","België"
6250,"Roselies",50.4297800,4.5717900,"Henegouwen","België"
6280,"Acoz",50.3585800,4.5339100,"Henegouwen","België"
6280,"Gerpinnes",50.3373282,4.5277925,"Henegouwen","België"
6280,"Gougnies",50.3552000,4.5752800,"Henegouwen","België"
6280,"Joncret",50.3534400,4.5133300,"Henegouwen","België"
6280,"Loverval",50.3747000,4.4737000,"Henegouwen","België"
6280,"Villers-Poterie",50.3536300,4.5490500,"Henegouwen","België"
6440,"Boussu-Lez-Walcourt",50.2278614,4.3780579,"Henegouwen","België"
6440,"Fourbechies",50.1636881,4.3107812,"Henegouwen","België"
6440,"Froidchapelle",50.1500253,4.3282168,"Henegouwen","België"
6440,"Vergnies",50.1988476,4.3047818,"Henegouwen","België"
6441,"Erpion",50.2115372,4.3555674,"Henegouwen","België"
6460,"Bailièvre",50.0691900,4.2384400,"Henegouwen","België"
6460,"Chimay",50.0844529,4.2660214,"Henegouwen","België"
6460,"Robechies",50.0727500,4.2772500,"Henegouwen","België"
6460,"Saint-Remy",50.0453800,4.2919300,"Henegouwen","België"
6460,"Salles",50.0554400,4.2446300,"Henegouwen","België"
6460,"Villers-La-Tour",50.0360100,4.2613100,"Henegouwen","België"
6461,"Virelles",50.0658200,4.3352600,"Henegouwen","België"
6462,"Vaulx-Lez-Chimay",50.0611800,4.3648700,"Henegouwen","België"
6463,"Lompret",50.0640900,4.3783900,"Henegouwen","België"
6464,"Baileux",50.0287100,4.3760500,"Henegouwen","België"
6464,"Bourlers",50.0271600,4.3410000,"Henegouwen","België"
6464,"Forges",50.0257600,4.3279200,"Henegouwen","België"
6464,"L'escaillère",49.9453667,4.4309752,"Henegouwen","België"
6464,"Rièzes",49.9591400,4.3689100,"Henegouwen","België"
6470,"Grandrieu",50.2007845,4.1720392,"Henegouwen","België"
6470,"Montbliart",50.1344705,4.2240647,"Henegouwen","België"
6470,"Rance",50.1433700,4.2691300,"Henegouwen","België"
6470,"Sautin",50.1636283,4.2257553,"Henegouwen","België"
6470,"Sivry",50.1660176,4.1820860,"Henegouwen","België"
6470,"Sivry-Rance",50.1699509,4.1813855,"Henegouwen","België"
6500,"Barbençon",50.2216018,4.2843778,"Henegouwen","België"
6500,"Beaumont",50.2190423,4.2497858,"Henegouwen","België"
6500,"Leugnies",50.2230128,4.1975122,"Henegouwen","België"
6500,"Leval-Chaudeville",50.2355400,4.2094900,"Henegouwen","België"
6500,"Renlies",50.1914031,4.2664251,"Henegouwen","België"
6500,"Solre-Saint-Géry",50.2151129,4.2439166,"Henegouwen","België"
6500,"Thirimont",50.2611798,4.2357279,"Henegouwen","België"
6511,"Strée",50.2750402,4.2888150,"Henegouwen","België"
6530,"Leers-Et-Fosteau",50.3044451,4.2457958,"Henegouwen","België"
6530,"Thuin",50.3414098,4.2928918,"Henegouwen","België"
6531,"Biesme-Sous-Thuin",50.3220429,4.3087831,"Henegouwen","België"
6532,"Ragnies",50.3085551,4.2841508,"Henegouwen","België"
6533,"Biercée",50.3245498,4.2594865,"Henegouwen","België"
6534,"Gozée",50.3334575,4.3516140,"Henegouwen","België"
6536,"Donstiennes",50.2864402,4.3121002,"Henegouwen","België"
6536,"Thuillies",50.3003425,4.3309528,"Henegouwen","België"
6540,"Lobbes",50.3682434,4.2662585,"Henegouwen","België"
6540,"Mont-Sainte-Geneviève",50.3722603,4.2365499,"Henegouwen","België"
6542,"Sars-La-Buissière",50.3397381,4.2098006,"Henegouwen","België"
6543,"Bienne-Lez-Happart",50.3521841,4.2161850,"Henegouwen","België"
6560,"Bersillies-L'abbaye",50.2630353,4.1490501,"Henegouwen","België"
6560,"Erquelinnes",50.3073558,4.1113839,"Henegouwen","België"
6560,"Grand-Reng",50.3306631,4.0747949,"Henegouwen","België"
6560,"Hantes-Wihéries",50.3053426,4.1778621,"Henegouwen","België"
6560,"Montignies-Saint-Christophe",50.2822050,4.1914995,"Henegouwen","België"
6560,"Solre-Sur-Sambre",50.3071512,4.1578836,"Henegouwen","België"
6567,"Fontaine-Valmont",50.3180022,4.2155052,"Henegouwen","België"
6567,"Labuissière",50.3158540,4.1854165,"Henegouwen","België"
6567,"Merbes-Le-ChÂteau",50.3244185,4.1645212,"Henegouwen","België"
6567,"Merbes-Sainte-Marie",50.3557862,4.1708963,"Henegouwen","België"
6590,"Momignies",50.0310150,4.1789941,"Henegouwen","België"
6591,"Macon",50.0506200,4.2091200,"Henegouwen","België"
6592,"Monceau-Imbrechies",50.0379600,4.2277300,"Henegouwen","België"
6593,"Macquenoise",49.9755900,4.1786200,"Henegouwen","België"
6594,"Beauwelz",50.0140100,4.1565100,"Henegouwen","België"
6596,"Forge-Philippe",49.9668700,4.2529900,"Henegouwen","België"
6596,"Seloignes",50.0152500,4.2561300,"Henegouwen","België"
6600,"Bastogne",50.0005973,5.7152666,"Luxemburg","België"
6600,"Longvilly",50.0248837,5.8364836,"Luxemburg","België"
6600,"Noville",50.0637281,5.7607706,"Luxemburg","België"
6600,"Villers-La-Bonne-Eau",49.9340321,5.7481956,"Luxemburg","België"
6600,"Wardin",49.9911002,5.7882474,"Luxemburg","België"
6630,"Martelange",49.8324009,5.7402041,"Luxemburg","België"
6637,"Fauvillers",49.8515620,5.6627735,"Luxemburg","België"
6637,"Hollange",49.9064911,5.6888102,"Luxemburg","België"
6637,"Tintange",49.8787550,5.7515418,"Luxemburg","België"
6640,"Hompré",49.9443952,5.6869659,"Luxemburg","België"
6640,"Morhet",49.9633899,5.5841583,"Luxemburg","België"
6640,"Nives",49.9091097,5.6069934,"Luxemburg","België"
6640,"Sibret",49.9706602,5.6341847,"Luxemburg","België"
6640,"Vaux-Lez-Rosières",49.9125000,5.5677000,"Luxemburg","België"
6640,"Vaux-Sur-SÛre",49.9444556,5.6202645,"Luxemburg","België"
6642,"Juseret",49.8797422,5.5492587,"Luxemburg","België"
6660,"Houffalize",50.1419014,5.6912202,"Luxemburg","België"
6660,"Nadrin",50.1590020,5.6827858,"Luxemburg","België"
6661,"Mont",50.1532229,5.7695926,"Luxemburg","België"
6661,"Tailles",50.2265221,5.7466501,"Luxemburg","België"
6662,"Tavigny",50.1088963,5.8393883,"Luxemburg","België"
6663,"Mabompré",50.0989674,5.7403204,"Luxemburg","België"
6666,"Wibrin",50.1661241,5.7175372,"Luxemburg","België"
6670,"Gouvy",50.1457074,5.9245645,"Luxemburg","België"
6670,"Limerlé",50.1572636,5.9243825,"Luxemburg","België"
6671,"Bovigny",50.2250817,5.9190550,"Luxemburg","België"
6672,"Beho",50.2196586,5.9980109,"Luxemburg","België"
6673,"Cherain",50.1805372,5.8653043,"Luxemburg","België"
6674,"Montleban",50.2120826,5.8376462,"Luxemburg","België"
6680,"Amberloup",50.0317221,5.5296068,"Luxemburg","België"
6680,"Sainte-Ode",50.0199719,5.5480905,"Luxemburg","België"
6680,"Tillet",50.0104453,5.5296828,"Luxemburg","België"
6681,"Lavacherie",50.0528654,5.5100095,"Luxemburg","België"
6686,"Flamierge",50.0335764,5.6043762,"Luxemburg","België"
6687,"Bertogne",50.0908293,5.6808856,"Luxemburg","België"
6688,"Longchamps",50.0535609,5.6908206,"Luxemburg","België"
6690,"Bihain",50.2380618,5.8087170,"Luxemburg","België"
6690,"Vielsalm",50.2517425,5.8711513,"Luxemburg","België"
6692,"Petit-Thier",50.3077974,5.9676006,"Luxemburg","België"
6698,"Grand-Halleux",50.3260048,5.9066265,"Luxemburg","België"
6700,"Arlon",49.6851364,5.8104804,"Luxemburg","België"
6700,"Bonnert",49.7108981,5.8187693,"Luxemburg","België"
6700,"Heinsch",49.6995172,5.7464653,"Luxemburg","België"
6700,"Toernich",49.6524910,5.7791223,"Luxemburg","België"
6704,"Guirsch",49.7098711,5.8286286,"Luxemburg","België"
6706,"Autelbas",49.6480677,5.8624158,"Luxemburg","België"
6717,"Attert",49.7506889,5.7865368,"Luxemburg","België"
6717,"Nobressart",49.7399967,5.7178818,"Luxemburg","België"
6717,"Nothomb",49.7723268,5.7885145,"Luxemburg","België"
6717,"Thiaumont",49.7153956,5.7307767,"Luxemburg","België"
6717,"Tontelange",49.7259512,5.8098272,"Luxemburg","België"
6720,"Habay",49.7267434,5.6634857,"Luxemburg","België"
6720,"Habay-La-Neuve",49.7280718,5.6460452,"Luxemburg","België"
6720,"Hachy",49.7018218,5.6804220,"Luxemburg","België"
6721,"Anlier",49.7718846,5.6208137,"Luxemburg","België"
6723,"Habay-La-Vieille",49.7234933,5.6192831,"Luxemburg","België"
6724,"Houdemont",49.7188508,5.5840477,"Luxemburg","België"
6724,"Rulles",49.7184613,5.5596208,"Luxemburg","België"
6730,"Bellefontaine",49.6639401,5.4964735,"Luxemburg","België"
6730,"Rossignol",49.7175007,5.4856597,"Luxemburg","België"
6730,"Saint-Vincent",49.6772976,5.4757436,"Luxemburg","België"
6730,"Tintigny",49.6833444,5.5131279,"Luxemburg","België"
6740,"Etalle",49.6694372,5.5779600,"Luxemburg","België"
6740,"Sainte-Marie-Sur-Semois",49.6711700,5.5635800,"Luxemburg","België"
6740,"Villers-Sur-Semois",49.6984089,5.5598847,"Luxemburg","België"
6741,"Vance",49.6713167,5.6658379,"Luxemburg","België"
6742,"Chantemelle",49.6529102,5.6526951,"Luxemburg","België"
6743,"Buzenol",49.6456653,5.5953405,"Luxemburg","België"
6747,"Châtillon",49.6248000,5.6965700,"Luxemburg","België"
6747,"Meix-Le-Tige",49.6170900,5.7206900,"Luxemburg","België"
6747,"Saint-LÉger",49.6119564,5.6566551,"Luxemburg","België"
6750,"Musson",49.5581782,5.7056943,"Luxemburg","België"
6750,"Mussy-La-Ville",49.5706730,5.6620086,"Luxemburg","België"
6750,"Signeulx",49.5522300,5.6380500,"Luxemburg","België"
6760,"Bleid",49.5693096,5.6280964,"Luxemburg","België"
6760,"Ethe",49.5796692,5.5819087,"Luxemburg","België"
6760,"Ruette",49.5365538,5.5949257,"Luxemburg","België"
6760,"Virton",49.5871911,5.5862953,"Luxemburg","België"
6761,"Latour",49.5575295,5.5705855,"Luxemburg","België"
6762,"Saint-Mard",49.5542548,5.5346766,"Luxemburg","België"
6767,"Dampicourt",49.5566955,5.4759516,"Luxemburg","België"
6767,"Harnoncourt",49.5355121,5.4996269,"Luxemburg","België"
6767,"Lamorteau",49.5259975,5.4807287,"Luxemburg","België"
6767,"Rouvroy",49.5381200,5.4918900,"Luxemburg","België"
6767,"Torgny",49.5080762,5.4740405,"Luxemburg","België"
6769,"Gérouville",49.6204111,5.4269360,"Luxemburg","België"
6769,"Meix-Devant-Virton",49.6056457,5.4780041,"Luxemburg","België"
6769,"Robelmont",49.5944837,5.5078905,"Luxemburg","België"
6769,"Sommethonne",49.5785062,5.4478548,"Luxemburg","België"
6769,"Villers-La-Loue",49.5745676,5.4821567,"Luxemburg","België"
6780,"Hondelange",49.6334358,5.8362868,"Luxemburg","België"
6780,"Messancy",49.6216258,5.8214036,"Luxemburg","België"
6780,"Wolkrange",49.6337423,5.7994452,"Luxemburg","België"
6781,"Sélange",49.6093822,5.8466761,"Luxemburg","België"
6782,"Habergy",49.6142745,5.7596109,"Luxemburg","België"
6790,"Aubange",49.5608954,5.8088730,"Luxemburg","België"
6791,"Athus",49.5628647,5.8347138,"Luxemburg","België"
6792,"Halanzy",49.5565078,5.7432347,"Luxemburg","België"
6792,"Rachecourt",49.5911813,5.7267117,"Luxemburg","België"
6800,"Bras",49.9750202,5.3892229,"Luxemburg","België"
6800,"Freux",49.9699861,5.4504457,"Luxemburg","België"
6800,"Libramont-Chevigny",49.9184200,5.3745800,"Luxemburg","België"
6800,"Moircy",49.9895785,5.4695106,"Luxemburg","België"
6800,"Recogne",49.9110798,5.3602530,"Luxemburg","België"
6800,"Remagne",49.9766169,5.4943517,"Luxemburg","België"
6800,"Saint-Pierre",49.9036915,5.3880072,"Luxemburg","België"
6800,"Sainte-Marie-Chevigny",49.9234787,5.4582979,"Luxemburg","België"
6810,"Chiny",49.6989693,5.3867430,"Luxemburg","België"
6810,"Izel",49.6937299,5.3722119,"Luxemburg","België"
6810,"Jamoigne",49.6948710,5.4146049,"Luxemburg","België"
6811,"Les Bulles",49.7042122,5.4239144,"Luxemburg","België"
6812,"Suxy",49.7639751,5.3993485,"Luxemburg","België"
6813,"Termes",49.7078398,5.4578124,"Luxemburg","België"
6820,"Florenville",49.7270823,5.2201330,"Luxemburg","België"
6820,"Fontenoille",49.7150554,5.2343041,"Luxemburg","België"
6820,"Muno",49.7163845,5.1751412,"Luxemburg","België"
6820,"Sainte-Cécile",49.7296613,5.2428643,"Luxemburg","België"
6821,"Lacuisine",49.7163512,5.3173471,"Luxemburg","België"
6823,"Villers-Devant-Orval",49.6196324,5.3314402,"Luxemburg","België"
6824,"Chassepierre",49.7076672,5.2603388,"Luxemburg","België"
6830,"Bouillon",49.7892158,5.0905007,"Luxemburg","België"
6830,"Les Hayons",49.8129802,5.1453939,"Luxemburg","België"
6830,"Poupehan",49.8115256,5.0027630,"Luxemburg","België"
6830,"Rochehaut",49.8411879,5.0076505,"Luxemburg","België"
6831,"Noirfontaine",49.8202036,5.0942677,"Luxemburg","België"
6832,"Sensenruth",49.8244628,5.0762113,"Luxemburg","België"
6833,"Ucimont",49.8317003,5.0584360,"Luxemburg","België"
6833,"Vivy",49.8668760,5.0384163,"Luxemburg","België"
6834,"Bellevaux",49.8405538,5.1101023,"Luxemburg","België"
6836,"Dohan",49.7960885,5.1428394,"Luxemburg","België"
6838,"Corbion",49.7971683,5.0076838,"Luxemburg","België"
6840,"Grandvoir",49.8583500,5.3727200,"Luxemburg","België"
6840,"Grapfontaine",49.8221000,5.4062000,"Luxemburg","België"
6840,"Hamipré",49.8374900,5.4573500,"Luxemburg","België"
6840,"Longlier",49.8554400,5.4528800,"Luxemburg","België"
6840,"NeufchÂteau",49.8417539,5.4341770,"Luxemburg","België"
6840,"Tournay",49.8546900,5.3976500,"Luxemburg","België"
6850,"Carlsbourg",49.8947012,5.0822437,"Luxemburg","België"
6850,"Offagne",49.8861615,5.1749738,"Luxemburg","België"
6850,"Paliseul",49.9037127,5.1345943,"Luxemburg","België"
6851,"Nollevaux",49.8712705,5.1210695,"Luxemburg","België"
6852,"Maissin",49.9646508,5.1791072,"Luxemburg","België"
6852,"Opont",49.9355975,5.1195934,"Luxemburg","België"
6853,"Framont",49.9192841,5.1605186,"Luxemburg","België"
6856,"Fays-Les-Veneurs",49.8665022,5.1613778,"Luxemburg","België"
6860,"Assenois",49.8015106,5.4651471,"Luxemburg","België"
6860,"Ebly",49.8531341,5.5404417,"Luxemburg","België"
6860,"LÉglise",49.8000180,5.5376280,"Luxemburg","België"
6860,"Mellier",49.7685936,5.5221492,"Luxemburg","België"
6860,"Witry",49.8596108,5.6131081,"Luxemburg","België"
6870,"Arville",50.0323784,5.3193343,"Luxemburg","België"
6870,"Awenne",50.0742236,5.3066608,"Luxemburg","België"
6870,"Hatrival",50.0050863,5.3451907,"Luxemburg","België"
6870,"Mirwart",50.0564514,5.2638388,"Luxemburg","België"
6870,"Saint-Hubert",50.0260067,5.3727272,"Luxemburg","België"
6870,"Vesqueville",50.0059895,5.3945290,"Luxemburg","België"
6880,"Auby-Sur-Semois",49.8158343,5.1831373,"Luxemburg","België"
6880,"Bertrix",49.8542350,5.2535561,"Luxemburg","België"
6880,"Cugnon",49.8023095,5.2025910,"Luxemburg","België"
6880,"Jehonville",49.9068245,5.2003751,"Luxemburg","België"
6880,"Orgeo",49.8364639,5.2995526,"Luxemburg","België"
6887,"Herbeumont",49.7809500,5.2376000,"Luxemburg","België"
6887,"Saint-Médard",49.8118200,5.3280500,"Luxemburg","België"
6887,"Straimont",49.7955100,5.3815000,"Luxemburg","België"
6890,"Anloy",49.9494863,5.2217260,"Luxemburg","België"
6890,"Libin",49.9815451,5.2572000,"Luxemburg","België"
6890,"Ochamps",49.9249054,5.2775069,"Luxemburg","België"
6890,"Redu",50.0075195,5.1597629,"Luxemburg","België"
6890,"Smuid",50.0187650,5.2667659,"Luxemburg","België"
6890,"Transinne",50.0005430,5.2035647,"Luxemburg","België"
6890,"Villance",49.9710047,5.2204298,"Luxemburg","België"
6900,"Aye",50.2249300,5.2969500,"Luxemburg","België"
6900,"Hargimont",50.1862400,5.3062500,"Luxemburg","België"
6900,"Humain",50.2050100,5.2566100,"Luxemburg","België"
6900,"Marche-En-Famenne",50.2282896,5.3441606,"Luxemburg","België"
6900,"On",50.1738200,5.2878300,"Luxemburg","België"
6900,"Roy",50.1858600,5.4070700,"Luxemburg","België"
6900,"Waha",50.2119100,5.3429600,"Luxemburg","België"
6920,"Sohier",50.0683180,5.0678053,"Luxemburg","België"
6920,"Wellin",50.0575065,5.0650474,"Luxemburg","België"
6921,"Chanly",50.0796147,5.1540758,"Luxemburg","België"
6922,"Halma",50.0757255,5.1363449,"Luxemburg","België"
6924,"Lomprez",50.0762069,5.0923960,"Luxemburg","België"
6927,"Bure",50.0883647,5.2594882,"Luxemburg","België"
6927,"Grupont",50.0917339,5.2801805,"Luxemburg","België"
6927,"Resteigne",50.0836994,5.1761749,"Luxemburg","België"
6927,"Tellin",50.0833973,5.2208099,"Luxemburg","België"
6929,"Daverdisse",50.0203010,5.1182335,"Luxemburg","België"
6929,"Gembes",49.9948698,5.0656928,"Luxemburg","België"
6929,"Haut-Fays",50.0011935,5.0175845,"Luxemburg","België"
6929,"Porcheresse",49.9782394,5.0870126,"Luxemburg","België"
6940,"Barvaux-Sur-Ourthe",50.3506400,5.4930600,"Luxemburg","België"
6940,"Durbuy",50.3350543,5.4345624,"Luxemburg","België"
6940,"Grandhan",50.3294600,5.4113200,"Luxemburg","België"
6940,"Septon",50.3550600,5.4216800,"Luxemburg","België"
6940,"Wéris",50.3261200,5.5304800,"Luxemburg","België"
6941,"Bende",50.4195400,5.4154400,"Luxemburg","België"
6941,"Bomal-Sur-Ourthe",50.3790100,5.5234800,"Luxemburg","België"
6941,"Borlon",50.3790000,5.4051100,"Luxemburg","België"
6941,"Heyd",50.3472500,5.5618800,"Luxemburg","België"
6941,"Izier",50.3838030,5.5795356,"Luxemburg","België"
6941,"Tohogne",50.3797500,5.4801300,"Luxemburg","België"
6941,"Villers-Sainte-Gertrude",50.3616152,5.5800674,"Luxemburg","België"
6950,"Harsin",50.1735662,5.3479488,"Luxemburg","België"
6950,"Nassogne",50.1109477,5.3664669,"Luxemburg","België"
6951,"Bande",50.1670102,5.4155200,"Luxemburg","België"
6952,"Grune",50.1547678,5.3812924,"Luxemburg","België"
6953,"Ambly",50.1443527,5.3117953,"Luxemburg","België"
6953,"Forrières",50.1338181,5.2807925,"Luxemburg","België"
6953,"Lesterny",50.1116414,5.2801707,"Luxemburg","België"
6953,"Masbourg",50.1134100,5.3137400,"Luxemburg","België"
6960,"Dochamps",50.2327700,5.6234300,"Luxemburg","België"
6960,"Grandmenil",50.2905100,5.6598900,"Luxemburg","België"
6960,"Harre",50.3505500,5.6561700,"Luxemburg","België"
6960,"Malempré",50.2817300,5.7124300,"Luxemburg","België"
6960,"Manhay",50.2908885,5.6614499,"Luxemburg","België"
6960,"Odeigne",50.2569300,5.6802200,"Luxemburg","België"
6960,"Vaux-Chavanne",50.3048400,5.6912300,"Luxemburg","België"
6970,"Tenneville",50.0859055,5.4613070,"Luxemburg","België"
6971,"Champlon",50.1074532,5.5021264,"Luxemburg","België"
6972,"Erneuville",50.1128285,5.5493302,"Luxemburg","België"
6980,"Beausaint",50.1700454,5.5539293,"Luxemburg","België"
6980,"La Roche-En-Ardenne",50.1845991,5.5556243,"Luxemburg","België"
6982,"Samrée",50.2112349,5.6342111,"Luxemburg","België"
6983,"Ortho",50.1250676,5.6139791,"Luxemburg","België"
6984,"Hives",50.1505142,5.5776532,"Luxemburg","België"
6986,"Halleux",50.1721642,5.5010126,"Luxemburg","België"
6987,"Beffe",50.2450200,5.5235500,"Luxemburg","België"
6987,"Hodister",50.1999000,5.4960300,"Luxemburg","België"
6987,"Marcourt",50.2144500,5.5316100,"Luxemburg","België"
6987,"Rendeux",50.2348339,5.5081521,"Luxemburg","België"
6990,"Fronville",50.2944800,5.4220800,"Luxemburg","België"
6990,"Hampteau",50.2586700,5.4704200,"Luxemburg","België"
6990,"Hotton",50.2672800,5.4456800,"Luxemburg","België"
6990,"Marenne",50.2425100,5.4163900,"Luxemburg","België"
6997,"Amonines",50.2647400,5.5580900,"Luxemburg","België"
6997,"ErezÉe",50.2917200,5.5585300,"Luxemburg","België"
6997,"Mormont",50.3254541,5.5930056,"Luxemburg","België"
6997,"Soy",50.2856400,5.5110700,"Luxemburg","België"
7000,"Mons",50.4542165,3.9566904,"Henegouwen","België"
7010,"Shape",50.4969668,3.9821153,"Henegouwen","België"
7011,"Ghlin",50.4642964,3.8877424,"Henegouwen","België"
7012,"Flénu",50.4336915,3.8889901,"Henegouwen","België"
7012,"Jemappes",50.4479352,3.8990501,"Henegouwen","België"
7020,"Maisières",50.4885712,3.9653190,"Henegouwen","België"
7020,"Nimy",50.4765848,3.9552523,"Henegouwen","België"
7021,"Havre",50.4639119,4.0453246,"Henegouwen","België"
7022,"Harmignies",50.4060459,4.0174614,"Henegouwen","België"
7022,"Harveng",50.3946189,3.9871020,"Henegouwen","België"
7022,"Hyon",50.4395855,3.9607279,"Henegouwen","België"
7022,"Mesvin",50.4259641,3.9582718,"Henegouwen","België"
7022,"Nouvelles",50.4104361,3.9671418,"Henegouwen","België"
7024,"Ciply",50.4219839,3.9462109,"Henegouwen","België"
7030,"Saint-Symphorien",50.4378687,4.0118304,"Henegouwen","België"
7031,"Villers-Saint-Ghislain",50.4320932,4.0409306,"Henegouwen","België"
7032,"Spiennes",50.4251859,3.9893210,"Henegouwen","België"
7033,"Cuesmes",50.4362266,3.9240678,"Henegouwen","België"
7034,"Obourg",50.4742413,4.0091225,"Henegouwen","België"
7034,"Saint-Denis",50.4910335,4.0192594,"Henegouwen","België"
7040,"Asquillies",50.4006600,3.9544700,"Henegouwen","België"
7040,"Aulnois",50.3404800,3.9020000,"Henegouwen","België"
7040,"Blaregnies",50.3571500,3.8970400,"Henegouwen","België"
7040,"Bougnies",50.3869400,3.9386300,"Henegouwen","België"
7040,"Genly",50.3910334,3.9121820,"Henegouwen","België"
7040,"Goegnies-Chaussée",50.3423500,3.9468600,"Henegouwen","België"
7040,"QuÉvy",50.3543123,3.9274387,"Henegouwen","België"
7040,"Quévy-Le-Grand",50.3606500,3.9472100,"Henegouwen","België"
7040,"Quévy-Le-Petit",50.3685400,3.9335100,"Henegouwen","België"
7041,"Givry",50.3794300,4.0358400,"Henegouwen","België"
7041,"Havay",50.3615500,3.9833700,"Henegouwen","België"
7050,"Erbaut",50.5329492,3.8841662,"Henegouwen","België"
7050,"Erbisoeul",50.5161101,3.8966431,"Henegouwen","België"
7050,"Herchies",50.5275483,3.8576244,"Henegouwen","België"
7050,"Jurbise",50.5329145,3.9106591,"Henegouwen","België"
7050,"Masnuy-Saint-Jean",50.5310497,3.9451238,"Henegouwen","België"
7050,"Masnuy-Saint-Pierre",50.5364971,3.9608630,"Henegouwen","België"
7060,"Horrues",50.6085349,4.0427256,"Henegouwen","België"
7060,"Soignies",50.5777389,4.0573135,"Henegouwen","België"
7061,"Casteau",50.5159354,4.0133385,"Henegouwen","België"
7061,"Thieusies",50.5151741,4.0482964,"Henegouwen","België"
7062,"Naast",50.5543555,4.0991332,"Henegouwen","België"
7063,"Chaussée-Notre-Dame-Louvignies",50.5927405,3.9983062,"Henegouwen","België"
7063,"Neufvilles",50.5685485,4.0026575,"Henegouwen","België"
7070,"Gottignies",50.4965700,4.0603100,"Henegouwen","België"
7070,"Le Roeulx",50.5029297,4.1087311,"Henegouwen","België"
7070,"Mignault",50.5280000,4.1531300,"Henegouwen","België"
7070,"Thieu",50.4736300,4.0915200,"Henegouwen","België"
7070,"Ville-Sur-Haine",50.4752900,4.0691300,"Henegouwen","België"
7080,"Eugies",50.3902100,3.8877700,"Henegouwen","België"
7080,"Frameries",50.4109400,3.8955100,"Henegouwen","België"
7080,"La Bouverie",50.4109300,3.8719200,"Henegouwen","België"
7080,"Noirchain",50.4017600,3.9321800,"Henegouwen","België"
7080,"Sars-La-Bruyère",50.3724700,3.8761100,"Henegouwen","België"
7090,"Braine-Le-Comte",50.6093600,4.1348400,"Henegouwen","België"
7090,"Hennuyères",50.6384300,4.1696000,"Henegouwen","België"
7090,"Henripont",50.5993300,4.1854000,"Henegouwen","België"
7090,"Petit-Roeulx-Lez-Braine",50.6253900,4.0886000,"Henegouwen","België"
7090,"Ronquières",50.6079000,4.2209400,"Henegouwen","België"
7090,"Steenkerque",50.6432500,4.0692200,"Henegouwen","België"
7100,"Haine-Saint-Paul",50.4531300,4.1912600,"Henegouwen","België"
7100,"Haine-Saint-Pierre",50.4541300,4.1996000,"Henegouwen","België"
7100,"La LouviÈre",50.4693850,4.1892216,"Henegouwen","België"
7100,"Saint-Vaast",50.4543100,4.1603600,"Henegouwen","België"
7100,"Trivières",50.4504100,4.1480200,"Henegouwen","België"
7110,"Boussoit",50.4602200,4.0778300,"Henegouwen","België"
7110,"Houdeng-Aimeries",50.4857800,4.1446000,"Henegouwen","België"
7110,"Houdeng-Goegnies",50.4881500,4.1542800,"Henegouwen","België"
7110,"Maurage",50.4567000,4.0992700,"Henegouwen","België"
7110,"Strépy-Bracquegnies",50.4805500,4.1200000,"Henegouwen","België"
7120,"Croix-Lez-Rouveroy",50.3615200,4.0769200,"Henegouwen","België"
7120,"Estinnes",50.4037945,4.1040785,"Henegouwen","België"
7120,"Estinnes-Au-Mont",50.3965200,4.0962300,"Henegouwen","België"
7120,"Estinnes-Au-Val",50.4111500,4.1040700,"Henegouwen","België"
7120,"Fauroeulx",50.3702200,4.1104000,"Henegouwen","België"
7120,"Haulchin",50.3843000,4.0818800,"Henegouwen","België"
7120,"Peissant",50.3510600,4.1201500,"Henegouwen","België"
7120,"Rouveroy",50.3554400,4.0621300,"Henegouwen","België"
7120,"Vellereille-Le-Sec",50.4019500,4.0584700,"Henegouwen","België"
7120,"Vellereille-Les-Brayeux",50.3793000,4.1519500,"Henegouwen","België"
7130,"Battignies",50.4169100,4.1688900,"Henegouwen","België"
7130,"Binche",50.4278907,4.1185307,"Henegouwen","België"
7130,"Bray",50.4316400,4.1054300,"Henegouwen","België"
7131,"Waudrez",50.4133200,4.1494800,"Henegouwen","België"
7133,"Buvrinnes",50.3887300,4.2052400,"Henegouwen","België"
7134,"Epinois",50.4055800,4.2072800,"Henegouwen","België"
7134,"Leval-Trahegnies",50.4165300,4.2176600,"Henegouwen","België"
7134,"Péronnes-Lez-Binche",50.4372200,4.1487400,"Henegouwen","België"
7134,"Ressaix",50.4218800,4.1947500,"Henegouwen","België"
7140,"Morlanwelz",50.4523812,4.2297719,"Henegouwen","België"
7140,"Morlanwelz-Mariemont",50.4580800,4.2473900,"Henegouwen","België"
7141,"Carnières",50.4413900,4.2549000,"Henegouwen","België"
7141,"Mont-Sainte-Aldegonde",50.4305600,4.2334500,"Henegouwen","België"
7160,"Chapelle-Lez-Herlaimont",50.4712400,4.2808200,"Henegouwen","België"
7160,"Godarville",50.4962600,4.2884200,"Henegouwen","België"
7160,"Piéton",50.4374900,4.2962200,"Henegouwen","België"
7170,"Bellecourt",50.4830700,4.2543800,"Henegouwen","België"
7170,"Bois-D'haine",50.5040700,4.2210800,"Henegouwen","België"
7170,"Fayt-Lez-Manage",50.4870600,4.2276400,"Henegouwen","België"
7170,"La Hestre",50.4759190,4.2299939,"Henegouwen","België"
7170,"Manage",50.5030300,4.2352900,"Henegouwen","België"
7180,"Seneffe",50.5285674,4.2721491,"Henegouwen","België"
7181,"Arquennes",50.5678375,4.2748602,"Henegouwen","België"
7181,"Familleureux",50.5228620,4.2110894,"Henegouwen","België"
7181,"Feluy",50.5622070,4.2502650,"Henegouwen","België"
7181,"Petit-Roeulx-Lez-Nivelles",50.5548179,4.3107658,"Henegouwen","België"
7190,"Ecaussinnes",50.5606000,4.1724000,"Henegouwen","België"
7190,"Ecaussinnes-D'enghien",50.5608812,4.1538788,"Henegouwen","België"
7190,"Marche-Lez-Ecaussinnes",50.5469243,4.1819002,"Henegouwen","België"
7191,"Ecaussinnes-Lalaing",50.5700581,4.1775465,"Henegouwen","België"
7300,"Boussu",50.4258770,3.7969506,"Henegouwen","België"
7301,"Hornu",50.4363400,3.8262700,"Henegouwen","België"
7320,"Bernissart",50.4824696,3.6459245,"Henegouwen","België"
7321,"Blaton",50.4992803,3.6598433,"Henegouwen","België"
7321,"Harchies",50.4803048,3.6946534,"Henegouwen","België"
7322,"Pommeroeul",50.4623107,3.7129612,"Henegouwen","België"
7322,"Ville-Pommeroeul",50.4708319,3.7293137,"Henegouwen","België"
7330,"Saint-Ghislain",50.4490864,3.8183635,"Henegouwen","België"
7331,"Baudour",50.4832756,3.8377399,"Henegouwen","België"
7332,"Neufmaison",50.5293542,3.7936731,"Henegouwen","België"
7332,"Sirault",50.5041746,3.7899285,"Henegouwen","België"
7333,"Tertre",50.4668162,3.8118542,"Henegouwen","België"
7334,"Hautrage",50.4792056,3.7659709,"Henegouwen","België"
7334,"Villerot",50.4865886,3.7905933,"Henegouwen","België"
7340,"Colfontaine",50.4142300,3.8459800,"Henegouwen","België"
7340,"Paturages",50.4048263,3.8383261,"Henegouwen","België"
7340,"Warquignies",50.4010549,3.8216781,"Henegouwen","België"
7340,"Wasmes",50.4219636,3.8449946,"Henegouwen","België"
7350,"Hainin",50.4306618,3.7656597,"Henegouwen","België"
7350,"Hensies",50.4324440,3.6844458,"Henegouwen","België"
7350,"Montroeul-Sur-Haine",50.4355247,3.7039398,"Henegouwen","België"
7350,"Thulin",50.4290487,3.7391863,"Henegouwen","België"
7370,"Blaugies",50.3720160,3.8058371,"Henegouwen","België"
7370,"Dour",50.4000125,3.7827922,"Henegouwen","België"
7370,"Elouges",50.4025947,3.7522644,"Henegouwen","België"
7370,"Wihéries",50.3854730,3.7525313,"Henegouwen","België"
7380,"Baisieux",50.3905880,3.6975230,"Henegouwen","België"
7380,"QuiÉvrain",50.4034322,3.6904002,"Henegouwen","België"
7382,"Audregnies",50.3830616,3.7175716,"Henegouwen","België"
7387,"Angre",50.3683900,3.6981300,"Henegouwen","België"
7387,"Angreau",50.3506400,3.6908100,"Henegouwen","België"
7387,"Athis",50.3656300,3.7780600,"Henegouwen","België"
7387,"Autreppe",50.3491400,3.7344200,"Henegouwen","België"
7387,"Erquennes",50.3594100,3.7934900,"Henegouwen","België"
7387,"Fayt-Le-Franc",50.3581000,3.7713200,"Henegouwen","België"
7387,"Honnelles",50.3666280,3.6942525,"Henegouwen","België"
7387,"Marchipont",50.3750600,3.6725500,"Henegouwen","België"
7387,"Montignies-Sur-Roc",50.3684100,3.7360800,"Henegouwen","België"
7387,"Onnezies",50.3631900,3.7164700,"Henegouwen","België"
7387,"Roisin",50.3330700,3.6935300,"Henegouwen","België"
7390,"Quaregnon",50.4443909,3.8645777,"Henegouwen","België"
7390,"Wasmuel",50.4456324,3.8453838,"Henegouwen","België"
7500,"Ere",50.5809075,3.3683528,"Henegouwen","België"
7500,"Saint-Maur",50.5727181,3.3945263,"Henegouwen","België"
7500,"Tournai",50.6056059,3.3880367,"Henegouwen","België"
7501,"Orcq",50.6049876,3.3492343,"Henegouwen","België"
7502,"Esplechin",50.5736959,3.3039872,"Henegouwen","België"
7503,"Froyennes",50.6229047,3.3471214,"Henegouwen","België"
7504,"Froidmont",50.5784046,3.3280009,"Henegouwen","België"
7506,"Willemeau",50.5734640,3.3491191,"Henegouwen","België"
7520,"Ramegnies-Chin",50.6514220,3.3369103,"Henegouwen","België"
7520,"Templeuve",50.6448071,3.2831590,"Henegouwen","België"
7521,"Chercq",50.5894810,3.4220483,"Henegouwen","België"
7522,"Blandain",50.6250532,3.3037827,"Henegouwen","België"
7522,"Hertain",50.6134736,3.2896360,"Henegouwen","België"
7522,"Lamain",50.6007064,3.2922108,"Henegouwen","België"
7522,"Marquain",50.6042275,3.3226106,"Henegouwen","België"
7530,"Gaurain-Ramecroix",50.5938686,3.4892888,"Henegouwen","België"
7531,"Havinnes",50.6157317,3.4635170,"Henegouwen","België"
7532,"Beclers",50.6209471,3.5046928,"Henegouwen","België"
7533,"Thimougies",50.6345381,3.5096897,"Henegouwen","België"
7534,"Barry",50.5848568,3.5416068,"Henegouwen","België"
7534,"Maulde",50.6165291,3.5480139,"Henegouwen","België"
7536,"Vaulx",50.5903852,3.4334752,"Henegouwen","België"
7538,"Vezon",50.5719086,3.5002803,"Henegouwen","België"
7540,"Kain",50.6379973,3.3788194,"Henegouwen","België"
7540,"Melles",50.6466009,3.4826517,"Henegouwen","België"
7540,"Quartes",50.6493706,3.5130780,"Henegouwen","België"
7540,"Rumillies",50.6199434,3.4368434,"Henegouwen","België"
7542,"Mont-Saint-Aubert",50.6548281,3.4040353,"Henegouwen","België"
7543,"Mourcourt",50.6531232,3.4442619,"Henegouwen","België"
7548,"Warchin",50.6103448,3.4233289,"Henegouwen","België"
7600,"PÉruwelz",50.5149368,3.6013594,"Henegouwen","België"
7601,"Roucourt",50.5291691,3.5871404,"Henegouwen","België"
7602,"Bury",50.5424563,3.5934527,"Henegouwen","België"
7603,"Bon-Secours",50.4974738,3.6073123,"Henegouwen","België"
7604,"Baugnies",50.5615397,3.5517755,"Henegouwen","België"
7604,"Braffe",50.5522367,3.5820315,"Henegouwen","België"
7604,"Brasmenil",50.5414680,3.5468718,"Henegouwen","België"
7604,"Callenelle",50.5313231,3.5243768,"Henegouwen","België"
7604,"Wasmes-Audemez-Briffoeil",50.5512323,3.5359058,"Henegouwen","België"
7608,"Wiers",50.5083673,3.5327736,"Henegouwen","België"
7610,"Rumes",50.5548870,3.3022239,"Henegouwen","België"
7611,"La Glanerie",50.5323250,3.3059430,"Henegouwen","België"
7618,"Taintignies",50.5467427,3.3403627,"Henegouwen","België"
7620,"Bléharies",50.5130410,3.4148305,"Henegouwen","België"
7620,"Brunehaut",50.5417750,3.3978021,"Henegouwen","België"
7620,"Guignies",50.5473025,3.3669917,"Henegouwen","België"
7620,"Hollain",50.5443138,3.4273185,"Henegouwen","België"
7620,"Jollain-Merlin",50.5391272,3.4039924,"Henegouwen","België"
7620,"Wez-Velvain",50.5477881,3.3890330,"Henegouwen","België"
7621,"Lesdain",50.5204844,3.3892118,"Henegouwen","België"
7622,"Laplaigne",50.5207793,3.4469774,"Henegouwen","België"
7623,"Rongy",50.5084038,3.3911678,"Henegouwen","België"
7624,"Howardries",50.5060586,3.3558990,"Henegouwen","België"
7640,"Antoing",50.5503239,3.4596501,"Henegouwen","België"
7640,"Maubray",50.5512055,3.4999451,"Henegouwen","België"
7640,"Péronnes-Lez-Antoing",50.5503284,3.4541886,"Henegouwen","België"
7641,"Bruyelle",50.5573826,3.4276343,"Henegouwen","België"
7642,"Calonne",50.5780363,3.4365062,"Henegouwen","België"
7643,"Fontenoy",50.5677490,3.4736321,"Henegouwen","België"
7700,"Luingne",50.7384410,3.2337149,"Henegouwen","België"
7700,"Moeskroen",50.7459126,3.2192720,"Henegouwen","België"
7711,"Dottenijs",50.7281602,3.3048918,"Henegouwen","België"
7712,"Herseaux",50.7225680,3.2326156,"Henegouwen","België"
7730,"Bailleul",50.6697693,3.3186808,"Henegouwen","België"
7730,"Estaimbourg",50.6803312,3.3098471,"Henegouwen","België"
7730,"Estaimpuis",50.7061525,3.2649737,"Henegouwen","België"
7730,"Evregnies",50.7129496,3.2865695,"Henegouwen","België"
7730,"Leers-Nord",50.6876942,3.2718413,"Henegouwen","België"
7730,"Néchin",50.6670101,3.2690718,"Henegouwen","België"
7730,"Saint-Léger",50.7067812,3.3183539,"Henegouwen","België"
7740,"Pecq",50.6993740,3.3314663,"Henegouwen","België"
7740,"Warcoing",50.7043825,3.3439836,"Henegouwen","België"
7742,"Hérinnes-Lez-Pecq",50.7013410,3.3633472,"Henegouwen","België"
7743,"Esquelmes",50.6656092,3.3479165,"Henegouwen","België"
7743,"Obigies",50.6619166,3.3640454,"Henegouwen","België"
7750,"Amougies",50.7442800,3.5068355,"Henegouwen","België"
7750,"Anseroeul",50.7269650,3.5212662,"Henegouwen","België"
7750,"Mont-De-L'enclus",50.7403202,3.5052669,"Henegouwen","België"
7750,"Orroir",50.7486430,3.4794562,"Henegouwen","België"
7750,"Russeignies",50.7446224,3.5307830,"Henegouwen","België"
7760,"Celles",50.7121072,3.4574913,"Henegouwen","België"
7760,"Escanaffles",50.7536795,3.4480032,"Henegouwen","België"
7760,"Molenbaix",50.6932647,3.4299807,"Henegouwen","België"
7760,"Popuelles",50.6624916,3.5187890,"Henegouwen","België"
7760,"Pottes",50.7311992,3.4064337,"Henegouwen","België"
7760,"Velaines",50.6698088,3.4866943,"Henegouwen","België"
7780,"Komen",50.7687459,2.9997061,"Henegouwen","België"
7780,"Komen-Waasten",50.7811468,2.9997573,"Henegouwen","België"
7781,"Houthem",50.7867816,2.9641654,"Henegouwen","België"
7782,"Ploegsteert",50.7265535,2.8806048,"Henegouwen","België"
7783,"Bizet",50.7083166,2.8930068,"Henegouwen","België"
7784,"Neerwaasten",50.7591263,2.9610169,"Henegouwen","België"
7784,"Waasten",50.7527699,2.9488295,"Henegouwen","België"
7800,"Ath",50.6335009,3.7882733,"Henegouwen","België"
7800,"Lanquesaint",50.6532856,3.8065319,"Henegouwen","België"
7801,"Irchonwelz",50.6179756,3.7590505,"Henegouwen","België"
7802,"Ormeignies",50.5946299,3.7510985,"Henegouwen","België"
7803,"Bouvignies",50.6467287,3.7664662,"Henegouwen","België"
7804,"Ostiches",50.6784560,3.7590705,"Henegouwen","België"
7804,"Rebaix",50.6604453,3.7835209,"Henegouwen","België"
7810,"Maffle",50.6169973,3.8057979,"Henegouwen","België"
7811,"Arbre",50.6124045,3.8165211,"Henegouwen","België"
7812,"Houtaing",50.6405033,3.6791220,"Henegouwen","België"
7812,"Ligne",50.6215858,3.7046301,"Henegouwen","België"
7812,"Mainvault",50.6490683,3.7168499,"Henegouwen","België"
7812,"Moulbaix",50.6015858,3.7157035,"Henegouwen","België"
7812,"Villers-Notre-Dame",50.6168631,3.7361557,"Henegouwen","België"
7812,"Villers-Saint-Amand",50.6227748,3.7289144,"Henegouwen","België"
7822,"Ghislenghien",50.6565066,3.8774062,"Henegouwen","België"
7822,"Isières",50.6653940,3.8176928,"Henegouwen","België"
7822,"Meslin-L'evêque",50.6493510,3.8474277,"Henegouwen","België"
7823,"Gibecq",50.6383168,3.8879250,"Henegouwen","België"
7830,"Bassilly",50.6767826,3.9336848,"Henegouwen","België"
7830,"Fouleng",50.6182079,3.9277830,"Henegouwen","België"
7830,"Gondregnies",50.6272859,3.9119320,"Henegouwen","België"
7830,"Graty",50.6319712,3.9960425,"Henegouwen","België"
7830,"Hellebecq",50.6633699,3.8882654,"Henegouwen","België"
7830,"Hoves",50.6707875,4.0356997,"Henegouwen","België"
7830,"Silly",50.6488776,3.9235692,"Henegouwen","België"
7830,"Thoricourt",50.6101066,3.9498259,"Henegouwen","België"
7850,"Edingen",50.6947421,4.0418582,"Henegouwen","België"
7850,"Lettelingen",50.6913651,4.0829937,"Henegouwen","België"
7850,"Mark",50.6914447,4.0154000,"Henegouwen","België"
7860,"Lessines",50.7047124,3.8348594,"Henegouwen","België"
7861,"Papignies",50.6863766,3.8165855,"Henegouwen","België"
7861,"Wannebecq",50.6944009,3.7997435,"Henegouwen","België"
7862,"Ogy",50.7207024,3.7806795,"Henegouwen","België"
7863,"Ghoy",50.7298753,3.8103491,"Henegouwen","België"
7864,"Deux-Acren",50.7289132,3.8540312,"Henegouwen","België"
7866,"Bois-De-Lessines",50.6968993,3.8881698,"Henegouwen","België"
7866,"Ollignies",50.6846628,3.8591532,"Henegouwen","België"
7870,"Bauffe",50.5699200,3.8531354,"Henegouwen","België"
7870,"Cambron-Saint-Vincent",50.5819027,3.9170981,"Henegouwen","België"
7870,"Lens",50.5566281,3.9005909,"Henegouwen","België"
7870,"Lombise",50.5996813,3.9394020,"Henegouwen","België"
7870,"Montignies-Lez-Lens",50.5642943,3.9441093,"Henegouwen","België"
7880,"Vloesberg",50.7367000,3.7385200,"Henegouwen","België"
7890,"Ellezelles",50.7337608,3.6799142,"Henegouwen","België"
7890,"Lahamaide",50.6949026,3.7249790,"Henegouwen","België"
7890,"Wodecq",50.7184846,3.7467894,"Henegouwen","België"
7900,"Grandmetz",50.6230881,3.6310729,"Henegouwen","België"
7900,"Leuze-En-Hainaut",50.5971918,3.6241539,"Henegouwen","België"
7901,"Thieulain",50.6179227,3.6051759,"Henegouwen","België"
7903,"Blicquy",50.5871723,3.6916495,"Henegouwen","België"
7903,"Chapelle-À-Oie",50.5966376,3.6706651,"Henegouwen","België"
7903,"Chapelle-À-Wattines",50.6121186,3.6525272,"Henegouwen","België"
7904,"Pipaix",50.5836922,3.5787649,"Henegouwen","België"
7904,"Tourpes",50.5710803,3.6548155,"Henegouwen","België"
7904,"Willaupuis",50.5666962,3.6032726,"Henegouwen","België"
7906,"Gallaix",50.6053041,3.5739204,"Henegouwen","België"
7910,"Anvaing",50.6827667,3.5610313,"Henegouwen","België"
7910,"Arc-Ainières",50.7021983,3.5469602,"Henegouwen","België"
7910,"Arc-Wattripont",50.7286840,3.5480229,"Henegouwen","België"
7910,"Cordes",50.6884582,3.5329359,"Henegouwen","België"
7910,"Ellignies-Lez-Frasnes",50.6747400,3.5906400,"Henegouwen","België"
7910,"Forest",50.6732879,3.5366398,"Henegouwen","België"
7910,"Frasnes-Lez-Anvaing",50.6986439,3.5330692,"Henegouwen","België"
7910,"Wattripont",50.7286840,3.5480229,"Henegouwen","België"
7911,"Buissenal",50.6642045,3.6557135,"Henegouwen","België"
7911,"Frasnes-Lez-Buissenal",50.6699339,3.6197759,"Henegouwen","België"
7911,"Hacquegnies",50.6513567,3.5935257,"Henegouwen","België"
7911,"Herquegies",50.6349791,3.5780843,"Henegouwen","België"
7911,"Montroeul-Au-Bois",50.6475838,3.5721235,"Henegouwen","België"
7911,"Moustier",50.6560229,3.6201695,"Henegouwen","België"
7911,"Oeudeghien",50.6793101,3.7088142,"Henegouwen","België"
7912,"Dergneau",50.7132742,3.5689855,"Henegouwen","België"
7912,"Saint-Sauveur",50.7062467,3.5973713,"Henegouwen","België"
7940,"Brugelette",50.5991751,3.8545291,"Henegouwen","België"
7940,"Cambron-Casteau",50.5890218,3.8801355,"Henegouwen","België"
7941,"Attre",50.6067064,3.8384917,"Henegouwen","België"
7942,"Mévergnies-Lez-Lens",50.6073400,3.8525209,"Henegouwen","België"
7943,"Gages",50.6068410,3.8905197,"Henegouwen","België"
7950,"ChiÈvres",50.5859700,3.8060900,"Henegouwen","België"
7950,"Grosage",50.5446900,3.7564300,"Henegouwen","België"
7950,"Huissignies",50.5648200,3.7541000,"Henegouwen","België"
7950,"Ladeuze",50.5644700,3.7686100,"Henegouwen","België"
7950,"Tongre-Saint-Martin",50.5869300,3.7888400,"Henegouwen","België"
7951,"Tongre-Notre-Dame",50.5814329,3.7755504,"Henegouwen","België"
7970,"Beloeil",50.5317621,3.7256357,"Henegouwen","België"
7971,"Basècles",50.5259119,3.6488934,"Henegouwen","België"
7971,"Ramegnies",50.5440330,3.6347320,"Henegouwen","België"
7971,"Thumaide",50.5403972,3.6304535,"Henegouwen","België"
7971,"Wadelincourt",50.5376959,3.6533891,"Henegouwen","België"
7972,"Aubechies",50.5724436,3.6814062,"Henegouwen","België"
7972,"Ellignies-Saint-Anne",50.5627762,3.6769600,"Henegouwen","België"
7972,"Quevaucamps",50.5186636,3.6801487,"Henegouwen","België"
7973,"Grandglise",50.5053250,3.6942392,"Henegouwen","België"
7973,"Stambruges",50.5085894,3.7172081,"Henegouwen","België"
8000,"Brugge",51.2093488,3.2247013,"West-Vlaanderen","België"
8000,"Koolkerke",51.2403327,3.2481090,"West-Vlaanderen","België"
8020,"Hertsberge",51.1053969,3.2730671,"West-Vlaanderen","België"
8020,"Oostkamp",51.1545056,3.2334111,"West-Vlaanderen","België"
8020,"Ruddervoorde",51.0959410,3.2065193,"West-Vlaanderen","België"
8020,"Waardamme",51.1133317,3.2193165,"West-Vlaanderen","België"
8200,"Sint-Andries",51.1972024,3.1794755,"West-Vlaanderen","België"
8200,"Sint-Michiels",51.1858939,3.2082098,"West-Vlaanderen","België"
8210,"Loppem",51.1559088,3.1959225,"West-Vlaanderen","België"
8210,"Veldegem",51.1045154,3.1595129,"West-Vlaanderen","België"
8210,"Zedelgem",51.1423355,3.1369128,"West-Vlaanderen","België"
8211,"Aartrijke",51.1191688,3.0900794,"West-Vlaanderen","België"
8300,"Knokke",51.3467441,3.2894423,"West-Vlaanderen","België"
8300,"Knokke-Heist",51.3467441,3.2894423,"West-Vlaanderen","België"
8300,"Westkapelle",51.3157028,3.3028853,"West-Vlaanderen","België"
8301,"Heist-Aan-Zee",51.3403638,3.2400417,"West-Vlaanderen","België"
8301,"Ramskapelle",51.3136364,3.2516251,"West-Vlaanderen","België"
8310,"Assebroek",51.2020234,3.2550607,"West-Vlaanderen","België"
8310,"Sint-Kruis",51.2142970,3.2512976,"West-Vlaanderen","België"
8340,"Damme",51.2513634,3.2813763,"West-Vlaanderen","België"
8340,"Hoeke",51.2916219,3.3367290,"West-Vlaanderen","België"
8340,"Lapscheure",51.2776457,3.3568337,"West-Vlaanderen","België"
8340,"Moerkerke",51.2430573,3.3400710,"West-Vlaanderen","België"
8340,"Oostkerke",51.2785542,3.2938857,"West-Vlaanderen","België"
8340,"Sijsele",51.2015613,3.3212461,"West-Vlaanderen","België"
8370,"Blankenberge",51.3123743,3.1327685,"West-Vlaanderen","België"
8370,"Uitkerke",51.3033000,3.1429000,"West-Vlaanderen","België"
8377,"Houtave",51.2359799,3.1104678,"West-Vlaanderen","België"
8377,"Meetkerke",51.2350824,3.1514099,"West-Vlaanderen","België"
8377,"Nieuwmunster",51.2737780,3.0986683,"West-Vlaanderen","België"
8377,"Zuienkerke",51.2649386,3.1539330,"West-Vlaanderen","België"
8380,"Dudzele",51.2736603,3.2247366,"West-Vlaanderen","België"
8380,"Lissewege",51.2941105,3.1923223,"West-Vlaanderen","België"
8380,"Zeebrugge",51.3189468,3.2068507,"West-Vlaanderen","België"
8400,"Oostende",51.2154300,2.9286560,"West-Vlaanderen","België"
8400,"Stene",51.2026843,2.9146880,"West-Vlaanderen","België"
8400,"Zandvoorde",51.2012273,2.9750305,"West-Vlaanderen","België"
8420,"De Haan",51.2500373,3.0380713,"West-Vlaanderen","België"
8420,"Klemskerke",51.2433832,3.0229766,"West-Vlaanderen","België"
8420,"Wenduine",51.2976457,3.0830791,"West-Vlaanderen","België"
8421,"Vlissegem",51.2535272,3.0571336,"West-Vlaanderen","België"
8430,"Middelkerke",51.1798869,2.8060231,"West-Vlaanderen","België"
8431,"Wilskerke",51.1796383,2.8259430,"West-Vlaanderen","België"
8432,"Leffinge",51.1756700,2.8771100,"West-Vlaanderen","België"
8433,"Mannekensvere",51.1259337,2.8181826,"West-Vlaanderen","België"
8433,"Schore",51.1117368,2.8392235,"West-Vlaanderen","België"
8433,"Sint-Pieters-Kapelle",51.1262331,2.8759234,"West-Vlaanderen","België"
8433,"Slijpe",51.1553124,2.8472073,"West-Vlaanderen","België"
8434,"Lombardsijde",51.1478198,2.7565537,"West-Vlaanderen","België"
8434,"Westende",51.1595084,2.7690346,"West-Vlaanderen","België"
8450,"Bredene",51.2345015,2.9728359,"West-Vlaanderen","België"
8460,"Ettelgem",51.1795852,3.0302382,"West-Vlaanderen","België"
8460,"Oudenburg",51.1836837,3.0068564,"West-Vlaanderen","België"
8460,"Roksem",51.1674713,3.0276368,"West-Vlaanderen","België"
8460,"Westkerke",51.1644881,3.0154519,"West-Vlaanderen","België"
8470,"Gistel",51.1562662,2.9676432,"West-Vlaanderen","België"
8470,"Moere",51.1225897,2.9559016,"West-Vlaanderen","België"
8470,"Snaaskerke",51.1775854,2.9390820,"West-Vlaanderen","België"
8470,"Zevekote",51.1375112,2.9200416,"West-Vlaanderen","België"
8480,"Bekegem",51.1597289,3.0453899,"West-Vlaanderen","België"
8480,"Eernegem",51.1295248,3.0274313,"West-Vlaanderen","België"
8480,"Ichtegem",51.0928542,3.0106022,"West-Vlaanderen","België"
8490,"Jabbeke",51.1829867,3.0948244,"West-Vlaanderen","België"
8490,"Snellegem",51.1690484,3.1230877,"West-Vlaanderen","België"
8490,"Stalhille",51.2140395,3.0721578,"West-Vlaanderen","België"
8490,"Varsenare",51.1891579,3.1421014,"West-Vlaanderen","België"
8490,"Zerkegem",51.1665002,3.0693013,"West-Vlaanderen","België"
8500,"Kortrijk",50.8194894,3.2577076,"West-Vlaanderen","België"
8501,"Bissegem",50.8241103,3.2280954,"West-Vlaanderen","België"
8501,"Heule",50.8431958,3.2347200,"West-Vlaanderen","België"
8510,"Bellegem",50.7766030,3.2784441,"West-Vlaanderen","België"
8510,"Kooigem",50.7396942,3.3313161,"West-Vlaanderen","België"
8510,"Marke",50.8070105,3.2335928,"West-Vlaanderen","België"
8510,"Rollegem",50.7659873,3.2634359,"West-Vlaanderen","België"
8511,"Aalbeke",50.7784023,3.2299377,"West-Vlaanderen","België"
8520,"Kuurne",50.8539700,3.2870000,"West-Vlaanderen","België"
8530,"Harelbeke",50.8455798,3.3121073,"West-Vlaanderen","België"
8531,"Bavikhove",50.8754986,3.3112054,"West-Vlaanderen","België"
8531,"Hulste",50.8804452,3.2982426,"West-Vlaanderen","België"
8540,"Deerlijk",50.8537400,3.3533500,"West-Vlaanderen","België"
8550,"Zwevegem",50.8080392,3.3505258,"West-Vlaanderen","België"
8551,"Heestert",50.7826441,3.4103660,"West-Vlaanderen","België"
8552,"Moen",50.7699733,3.3974267,"West-Vlaanderen","België"
8553,"Otegem",50.8081889,3.4239803,"West-Vlaanderen","België"
8554,"Sint-Denijs",50.7530651,3.3653137,"West-Vlaanderen","België"
8560,"Gullegem",50.8447689,3.1989718,"West-Vlaanderen","België"
8560,"Moorsele",50.8405959,3.1646335,"West-Vlaanderen","België"
8560,"Wevelgem",50.8089296,3.1836033,"West-Vlaanderen","België"
8570,"Anzegem",50.8335097,3.4789005,"West-Vlaanderen","België"
8570,"Gijzelbrechtegem",50.8285391,3.5058127,"West-Vlaanderen","België"
8570,"Ingooigem",50.8173718,3.4342331,"West-Vlaanderen","België"
8570,"Vichte",50.8378727,3.4030323,"West-Vlaanderen","België"
8572,"Kaster",50.8131679,3.4938322,"West-Vlaanderen","België"
8573,"Tiegem",50.8086089,3.4752664,"West-Vlaanderen","België"
8580,"Avelgem",50.7790895,3.4511795,"West-Vlaanderen","België"
8581,"Kerkhove",50.7983592,3.5006455,"West-Vlaanderen","België"
8581,"Waarmaarde",50.7908774,3.4854501,"West-Vlaanderen","België"
8582,"Outrijve",50.7560066,3.4292885,"West-Vlaanderen","België"
8583,"Bossuit",50.7481174,3.4072881,"West-Vlaanderen","België"
8587,"Helkijn",50.7321848,3.3811463,"West-Vlaanderen","België"
8587,"Spiere",50.7184934,3.3553700,"West-Vlaanderen","België"
8587,"Spiere-Helkijn",50.7297543,3.3595085,"West-Vlaanderen","België"
8600,"Beerst",51.0589145,2.8868758,"West-Vlaanderen","België"
8600,"Diksmuide",51.0333310,2.8658393,"West-Vlaanderen","België"
8600,"Driekapellen",50.7063183,3.9862194,"West-Vlaanderen","België"
8600,"Esen",51.0294434,2.9021449,"West-Vlaanderen","België"
8600,"Kaaskerke",51.0357927,2.8364554,"West-Vlaanderen","België"
8600,"Keiem",51.0807421,2.8821755,"West-Vlaanderen","België"
8600,"Lampernisse",51.0325467,2.7685298,"West-Vlaanderen","België"
8600,"Leke",51.1004367,2.8904342,"West-Vlaanderen","België"
8600,"Nieuwkapelle",50.9994330,2.7999063,"West-Vlaanderen","België"
8600,"Oostkerke",51.0464297,2.7972622,"West-Vlaanderen","België"
8600,"Oudekapelle",51.0135407,2.8080138,"West-Vlaanderen","België"
8600,"Pervijze",51.0733467,2.7941219,"West-Vlaanderen","België"
8600,"Sint-Jacobs-Kapelle",51.0164049,2.8338522,"West-Vlaanderen","België"
8600,"Stuivekenskerke",51.0767668,2.8250520,"West-Vlaanderen","België"
8600,"Vladslo",51.0464012,2.9162710,"West-Vlaanderen","België"
8600,"Woumen",50.9983803,2.8697759,"West-Vlaanderen","België"
8610,"Handzame",51.0256710,3.0031283,"West-Vlaanderen","België"
8610,"Kortemark",51.0284499,3.0441091,"West-Vlaanderen","België"
8610,"Werken",51.0291439,2.9646703,"West-Vlaanderen","België"
8610,"Zarren",51.0184331,2.9589059,"West-Vlaanderen","België"
8620,"Nieuwpoort",51.1285059,2.7480064,"West-Vlaanderen","België"
8620,"Ramskapelle",51.1095483,2.7620106,"West-Vlaanderen","België"
8620,"Sint-Joris",51.1291298,2.7723581,"West-Vlaanderen","België"
8630,"Avekapelle",51.0663475,2.7329511,"West-Vlaanderen","België"
8630,"Booitshoeke",51.0869455,2.7332623,"West-Vlaanderen","België"
8630,"Bulskamp",51.0413505,2.6500228,"West-Vlaanderen","België"
8630,"De Moeren",51.0417090,2.6005840,"West-Vlaanderen","België"
8630,"Eggewaartskapelle",51.0496759,2.7218286,"West-Vlaanderen","België"
8630,"Houtem",51.0104746,2.6096642,"West-Vlaanderen","België"
8630,"Steenkerke",51.0574271,2.6892647,"West-Vlaanderen","België"
8630,"Veurne",51.0731945,2.6680059,"West-Vlaanderen","België"
8630,"Vinkem",51.0161527,2.6628519,"West-Vlaanderen","België"
8630,"Wulveringem",51.0145170,2.6544608,"West-Vlaanderen","België"
8630,"Zoutenaaie",51.0485937,2.7507500,"West-Vlaanderen","België"
8640,"Oostvleteren",50.9318028,2.7367963,"West-Vlaanderen","België"
8640,"Vleteren",50.9296908,2.7327547,"West-Vlaanderen","België"
8640,"Westvleteren",50.9276053,2.7169070,"West-Vlaanderen","België"
8640,"Woesten",50.9006632,2.7891271,"West-Vlaanderen","België"
8647,"Lo",50.9806703,2.7489727,"West-Vlaanderen","België"
8647,"Lo-Reninge",50.9688486,2.7818969,"West-Vlaanderen","België"
8647,"Noordschote",50.9546429,2.8104660,"West-Vlaanderen","België"
8647,"Pollinkhove",50.9710805,2.7322734,"West-Vlaanderen","België"
8647,"Reninge",50.9733400,2.7715700,"West-Vlaanderen","België"
8650,"Houthulst",50.9773885,2.9457764,"West-Vlaanderen","België"
8650,"Klerken",50.9980304,2.9041727,"West-Vlaanderen","België"
8650,"Merkem",50.9528136,2.8523982,"West-Vlaanderen","België"
8660,"Adinkerke",51.0751267,2.6034114,"West-Vlaanderen","België"
8660,"De Panne",51.0962794,2.5905629,"West-Vlaanderen","België"
8670,"Koksijde",51.1053908,2.6500795,"West-Vlaanderen","België"
8670,"Oostduinkerke",51.1158173,2.6824907,"West-Vlaanderen","België"
8670,"Wulpen",51.1007563,2.6991737,"West-Vlaanderen","België"
8680,"Bovekerke",51.0544659,2.9627034,"West-Vlaanderen","België"
8680,"Koekelare",51.0929033,2.9795835,"West-Vlaanderen","België"
8680,"Zande",51.1200517,2.9222322,"West-Vlaanderen","België"
8690,"Alveringem",51.0122085,2.7130822,"West-Vlaanderen","België"
8690,"Hoogstade",50.9795594,2.6916569,"West-Vlaanderen","België"
8690,"Oeren",51.0230442,2.7052385,"West-Vlaanderen","België"
8690,"Sint-Rijkers",50.9915951,2.6878140,"West-Vlaanderen","België"
8691,"Beveren-Aan-De-Ijzer",50.9392045,2.6397658,"West-Vlaanderen","België"
8691,"Gijverinkhove",50.9761349,2.6725749,"West-Vlaanderen","België"
8691,"Izenberge",50.9942337,2.6547262,"West-Vlaanderen","België"
8691,"Leisele",50.9855486,2.6234329,"West-Vlaanderen","België"
8691,"Stavele",50.9385520,2.6699315,"West-Vlaanderen","België"
8700,"Aarsele",50.9969343,3.4224989,"West-Vlaanderen","België"
8700,"Kanegem",51.0134353,3.4033279,"West-Vlaanderen","België"
8700,"Schuiferskapelle",51.0328997,3.3338300,"West-Vlaanderen","België"
8700,"Tielt",51.0001519,3.3263821,"West-Vlaanderen","België"
8710,"Ooigem",50.8933706,3.3365046,"West-Vlaanderen","België"
8710,"Sint-Baafs-Vijve",50.9103986,3.3907682,"West-Vlaanderen","België"
8710,"Wielsbeke",50.9099543,3.3724687,"West-Vlaanderen","België"
8720,"Dentergem",50.9636458,3.4186283,"West-Vlaanderen","België"
8720,"Markegem",50.9458591,3.4026412,"West-Vlaanderen","België"
8720,"Oeselgem",50.9350995,3.4319099,"West-Vlaanderen","België"
8720,"Wakken",50.9306218,3.3979722,"West-Vlaanderen","België"
8730,"Beernem",51.1424812,3.3409529,"West-Vlaanderen","België"
8730,"Oedelem",51.1685563,3.3397246,"West-Vlaanderen","België"
8730,"Sint-Joris",51.1275828,3.3683708,"West-Vlaanderen","België"
8740,"Egem",51.0148444,3.2590301,"West-Vlaanderen","België"
8740,"Pittem",50.9942681,3.2666639,"West-Vlaanderen","België"
8750,"Wingene",51.0586500,3.2748000,"West-Vlaanderen","België"
8750,"Zwevezele",51.0360900,3.2104700,"West-Vlaanderen","België"
8755,"Ruiselede",51.0413098,3.3970513,"West-Vlaanderen","België"
8760,"Meulebeke",50.9506000,3.2863700,"West-Vlaanderen","België"
8770,"Ingelmunster",50.9232500,3.2628400,"West-Vlaanderen","België"
8780,"Oostrozebeke",50.9202012,3.3346008,"West-Vlaanderen","België"
8790,"Waregem",50.8869521,3.4231317,"West-Vlaanderen","België"
8791,"Beveren",50.8739810,3.3465118,"West-Vlaanderen","België"
8792,"Desselgem",50.8868997,3.3494059,"West-Vlaanderen","België"
8793,"Sint-Eloois-Vijve",50.9034885,3.4098713,"West-Vlaanderen","België"
8800,"Beveren",50.9685498,3.1443098,"West-Vlaanderen","België"
8800,"Oekene",50.9202542,3.1609844,"West-Vlaanderen","België"
8800,"Roeselare",50.9499310,3.1294450,"West-Vlaanderen","België"
8800,"Rumbeke",50.9332448,3.1560374,"West-Vlaanderen","België"
8810,"Lichtervelde",51.0277074,3.1439095,"West-Vlaanderen","België"
8820,"Torhout",51.0649800,3.1015700,"West-Vlaanderen","België"
8830,"Gits",50.9970116,3.0999918,"West-Vlaanderen","België"
8830,"Hooglede",50.9785141,3.0814646,"West-Vlaanderen","België"
8840,"Oostnieuwkerke",50.9423778,3.0642828,"West-Vlaanderen","België"
8840,"Staden",50.9745786,3.0144880,"West-Vlaanderen","België"
8840,"Westrozebeke",50.9318970,3.0122830,"West-Vlaanderen","België"
8850,"Ardooie",50.9790650,3.1988027,"West-Vlaanderen","België"
8851,"Koolskamp",51.0019392,3.2117867,"West-Vlaanderen","België"
8860,"Lendelede",50.8862994,3.2381931,"West-Vlaanderen","België"
8870,"Emelgem",50.9271506,3.2178679,"West-Vlaanderen","België"
8870,"Izegem",50.9180785,3.2132192,"West-Vlaanderen","België"
8870,"Kachtem",50.9318824,3.1924033,"West-Vlaanderen","België"
8880,"Ledegem",50.8549568,3.1274573,"West-Vlaanderen","België"
8880,"Rollegem-Kapelle",50.8682853,3.1449509,"West-Vlaanderen","België"
8880,"Sint-Eloois-Winkel",50.8762769,3.1823566,"West-Vlaanderen","België"
8890,"Dadizele",50.8516407,3.0944555,"West-Vlaanderen","België"
8890,"Moorslede",50.8911470,3.0632369,"West-Vlaanderen","België"
8900,"Brielen",50.8673860,2.8501053,"West-Vlaanderen","België"
8900,"Dikkebus",50.8205936,2.8318862,"West-Vlaanderen","België"
8900,"Ieper",50.8492265,2.8779465,"West-Vlaanderen","België"
8900,"Sint-Jan",50.8669140,2.9021437,"West-Vlaanderen","België"
8902,"Hollebeke",50.8053761,2.9371958,"West-Vlaanderen","België"
8902,"Voormezele",50.8165607,2.8758050,"West-Vlaanderen","België"
8902,"Zillebeke",50.8345035,2.9225399,"West-Vlaanderen","België"
8904,"Boezinge",50.8967457,2.8547932,"West-Vlaanderen","België"
8904,"Zuidschote",50.9130344,2.8295441,"West-Vlaanderen","België"
8906,"Elverdinge",50.8858801,2.8175080,"West-Vlaanderen","België"
3220,"Holsbeek",50.9248584,4.7861502,"West-Vlaanderen","België"
3220,"Kortrijk-Dutsel",50.9266825,4.8055097,"West-Vlaanderen","België"
3220,"Sint-Pieters-Rode",50.9323900,4.8205700,"West-Vlaanderen","België"
3221,"Nieuwrode",50.9495500,4.8333900,"West-Vlaanderen","België"
8906,"Elverdinge",50.8858801,2.8175080,"West-Vlaanderen","België"
8908,"Vlamertinge",50.8536639,2.8243473,"West-Vlaanderen","België"
8920,"Bikschote",50.9258047,2.8646858,"West-Vlaanderen","België"
8920,"Langemark",50.9135965,2.9200050,"West-Vlaanderen","België"
8920,"Langemark-Poelkapelle",50.9135674,2.9200127,"West-Vlaanderen","België"
8920,"Poelkapelle",50.9176532,2.9565978,"West-Vlaanderen","België"
8930,"Lauwe",50.7946478,3.1849946,"West-Vlaanderen","België"
8930,"Menen",50.7961693,3.1214422,"West-Vlaanderen","België"
8930,"Rekkem",50.7828070,3.1641132,"West-Vlaanderen","België"
8940,"Geluwe",50.8099859,3.0767048,"West-Vlaanderen","België"
8940,"Wervik",50.7841386,3.0448969,"West-Vlaanderen","België"
8950,"Heuvelland",50.7335060,2.8250977,"West-Vlaanderen","België"
8950,"Nieuwkerke",50.7460655,2.8252871,"West-Vlaanderen","België"
8951,"Dranouter",50.7659194,2.7829724,"West-Vlaanderen","België"
8952,"Wulvergem",50.7601685,2.8524263,"West-Vlaanderen","België"
8953,"Wijtschate",50.7858578,2.8831131,"West-Vlaanderen","België"
8954,"Westouter",50.7971484,2.7464372,"West-Vlaanderen","België"
8956,"Kemmel",50.7832795,2.8286179,"West-Vlaanderen","België"
8957,"Mesen",50.7638555,2.8976699,"West-Vlaanderen","België"
8958,"Loker",50.7817391,2.7721461,"West-Vlaanderen","België"
8970,"Poperinge",50.8452065,2.7211761,"West-Vlaanderen","België"
8970,"Reningelst",50.8170545,2.7634047,"West-Vlaanderen","België"
8972,"Krombeke",50.9148551,2.6885943,"West-Vlaanderen","België"
8972,"Proven",50.8904872,2.6560368,"West-Vlaanderen","België"
8972,"Roesbrugge-Haringe",50.9188790,2.6247955,"West-Vlaanderen","België"
8978,"Watou",50.8588172,2.6206457,"West-Vlaanderen","België"
8980,"Beselare",50.8478800,3.0246750,"West-Vlaanderen","België"
8980,"Geluveld",50.8338478,2.9939124,"West-Vlaanderen","België"
8980,"Passendale",50.9002575,3.0207328,"West-Vlaanderen","België"
8980,"Zandvoorde",50.8123365,2.9816989,"West-Vlaanderen","België"
8980,"Zonnebeke",50.8727334,2.9874714,"West-Vlaanderen","België"
9000,"Gent",51.0678307,3.7290914,"Oost-Vlaanderen","België"
9030,"Mariakerke",51.0736204,3.6806420,"Oost-Vlaanderen","België"
9031,"Drongen",51.0504800,3.6633000,"Oost-Vlaanderen","België"
9032,"Wondelgem",51.0905009,3.7160657,"Oost-Vlaanderen","België"
9040,"Sint-Amandsberg",51.0593304,3.7509905,"Oost-Vlaanderen","België"
9041,"Oostakker",51.0997130,3.7642304,"Oost-Vlaanderen","België"
9042,"Desteldonk",51.1220868,3.7825691,"Oost-Vlaanderen","België"
9042,"Mendonk",51.1447934,3.8193015,"Oost-Vlaanderen","België"
9042,"Sint-Kruis-Winkel",51.1558401,3.8158001,"Oost-Vlaanderen","België"
9050,"Gentbrugge",51.0342951,3.7640148,"Oost-Vlaanderen","België"
9050,"Ledeberg",51.0371743,3.7412237,"Oost-Vlaanderen","België"
9051,"Afsnee",51.0305603,3.6661568,"Oost-Vlaanderen","België"
9051,"Sint-Denijs-Westrem",51.0200854,3.6695793,"Oost-Vlaanderen","België"
9052,"Zwijnaarde",50.9998062,3.7106183,"Oost-Vlaanderen","België"
9060,"Zelzate",51.1987114,3.8119772,"Oost-Vlaanderen","België"
9070,"Destelbergen",51.0609335,3.7977646,"Oost-Vlaanderen","België"
9070,"Heusden",51.0327975,3.8036959,"Oost-Vlaanderen","België"
9080,"Beervelde",51.0800983,3.8805757,"Oost-Vlaanderen","België"
9080,"Lochristi",51.0974848,3.8378336,"Oost-Vlaanderen","België"
9080,"Zaffelare",51.1324891,3.8618077,"Oost-Vlaanderen","België"
9080,"Zeveneken",51.1074665,3.8988663,"Oost-Vlaanderen","België"
9090,"Gontrode",50.9834948,3.7972911,"Oost-Vlaanderen","België"
9090,"Melle",51.0036716,3.8003144,"Oost-Vlaanderen","België"
9100,"Nieuwkerken-Waas",51.1935108,4.1775401,"Oost-Vlaanderen","België"
9100,"Sint-Niklaas",51.1559033,4.1544255,"Oost-Vlaanderen","België"
9111,"Belsele",51.1428369,4.0861828,"Oost-Vlaanderen","België"
9112,"Sinaai-Waas",51.1563307,4.0444238,"Oost-Vlaanderen","België"
9120,"Beveren-Waas",51.2175194,4.2520903,"Oost-Vlaanderen","België"
9120,"Haasdonk",51.1810333,4.2378789,"Oost-Vlaanderen","België"
9120,"Kallo",51.2526476,4.2786812,"Oost-Vlaanderen","België"
9120,"Melsele",51.2224882,4.2822314,"Oost-Vlaanderen","België"
9120,"Vrasene",51.2193961,4.1944794,"Oost-Vlaanderen","België"
9130,"Doel",51.3105976,4.2649749,"Oost-Vlaanderen","België"
9130,"Kallo",51.2531035,4.2567081,"Oost-Vlaanderen","België"
9130,"Kieldrecht",51.2894202,4.1755238,"Oost-Vlaanderen","België"
9130,"Verrebroek",51.2555891,4.1888455,"Oost-Vlaanderen","België"
9140,"Elversele",51.1145439,4.1433446,"Oost-Vlaanderen","België"
9140,"Steendorp",51.1258102,4.2706342,"Oost-Vlaanderen","België"
9140,"Temse",51.1295500,4.2127500,"Oost-Vlaanderen","België"
9140,"Tielrode",51.1147810,4.1639796,"Oost-Vlaanderen","België"
9150,"Bazel",51.1475120,4.2983585,"Oost-Vlaanderen","België"
9150,"Kruibeke",51.1706378,4.3123069,"Oost-Vlaanderen","België"
9150,"Rupelmonde",51.1274074,4.2903448,"Oost-Vlaanderen","België"
9160,"Daknam",51.1278368,3.9873540,"Oost-Vlaanderen","België"
9160,"Eksaarde",51.1471563,3.9586263,"Oost-Vlaanderen","België"
9160,"Lokeren",51.1024238,3.9940517,"Oost-Vlaanderen","België"
9170,"De Klinge",51.2562060,4.0900407,"Oost-Vlaanderen","België"
9170,"Meerdonk",51.2607213,4.1459930,"Oost-Vlaanderen","België"
9170,"Sint-Gillis-Waas",51.2199257,4.1242507,"Oost-Vlaanderen","België"
9170,"Sint-Pauwels",51.1933030,4.0977458,"Oost-Vlaanderen","België"
9180,"Moerbeke-Waas",51.1734692,3.9342837,"Oost-Vlaanderen","België"
9185,"Wachtebeke",51.1709500,3.8605500,"Oost-Vlaanderen","België"
9190,"Kemzeke",51.2062441,4.0756996,"Oost-Vlaanderen","België"
9190,"Stekene",51.2063826,4.0408830,"Oost-Vlaanderen","België"
9200,"Appels",51.0293011,4.0541409,"Oost-Vlaanderen","België"
9200,"Baasrode",51.0378102,4.1577249,"Oost-Vlaanderen","België"
9200,"Dendermonde",51.0254867,4.1019931,"Oost-Vlaanderen","België"
9200,"Grembergen",51.0550925,4.1056631,"Oost-Vlaanderen","België"
9200,"Mespelare",50.9960845,4.0691846,"Oost-Vlaanderen","België"
9200,"Oudegem",51.0091316,4.0612485,"Oost-Vlaanderen","België"
9200,"Schoonaarde",51.0035338,4.0151259,"Oost-Vlaanderen","België"
9200,"Sint-Gillis-Dendermonde",51.0215600,4.1080140,"Oost-Vlaanderen","België"
9220,"Hamme",51.0902010,4.1402689,"Oost-Vlaanderen","België"
9220,"Moerzeke",51.0666518,4.1557302,"Oost-Vlaanderen","België"
9230,"Massemen",50.9808891,3.8734909,"Oost-Vlaanderen","België"
9230,"Westrem",50.9697570,3.8613947,"Oost-Vlaanderen","België"
9230,"Wetteren",51.0028673,3.8896461,"Oost-Vlaanderen","België"
9240,"Zele",51.0700632,4.0402907,"Oost-Vlaanderen","België"
9250,"Waasmunster",51.1094708,4.0844665,"Oost-Vlaanderen","België"
9255,"Buggenhout",51.0136735,4.2010994,"Oost-Vlaanderen","België"
9255,"Opdorp",51.0280600,4.2191800,"Oost-Vlaanderen","België"
9260,"Schellebelle",51.0115409,3.9288305,"Oost-Vlaanderen","België"
9260,"Serskamp",50.9908200,3.9221247,"Oost-Vlaanderen","België"
9260,"Wichelen",51.0048213,3.9735809,"Oost-Vlaanderen","België"
9270,"Kalken",51.0383253,3.9183591,"Oost-Vlaanderen","België"
9270,"Laarne",51.0304277,3.8535642,"Oost-Vlaanderen","België"
9280,"Denderbelle",51.0009562,4.0907494,"Oost-Vlaanderen","België"
9280,"Lebbeke",51.0005702,4.1292201,"Oost-Vlaanderen","België"
9280,"Wieze",50.9786176,4.0836695,"Oost-Vlaanderen","België"
9290,"Berlare",51.0174273,4.0058218,"Oost-Vlaanderen","België"
9290,"Overmere",51.0465707,3.9466434,"Oost-Vlaanderen","België"
9290,"Uitbergen",51.0225480,3.9541747,"Oost-Vlaanderen","België"
9300,"Aalst",50.9377930,4.0409133,"Oost-Vlaanderen","België"
9308,"Gijzegem",50.9837657,4.0510580,"Oost-Vlaanderen","België"
9308,"Hofstade",50.9608451,4.0317903,"Oost-Vlaanderen","België"
9310,"Baardegem",50.9549555,4.1415770,"Oost-Vlaanderen","België"
9310,"Herdersem",50.9700983,4.0659206,"Oost-Vlaanderen","België"
9310,"Meldert",50.9343250,4.1354329,"Oost-Vlaanderen","België"
9310,"Moorsel",50.9478217,4.0983842,"Oost-Vlaanderen","België"
9320,"Erembodegem",50.9206095,4.0608920,"Oost-Vlaanderen","België"
9320,"Nieuwerkerken",50.9234243,4.0046831,"Oost-Vlaanderen","België"
9340,"Impe",50.9604418,3.9498849,"Oost-Vlaanderen","België"
9340,"Lede",50.9658713,3.9773269,"Oost-Vlaanderen","België"
9340,"Oordegem",50.9565245,3.9028634,"Oost-Vlaanderen","België"
9340,"Smetlede",50.9660082,3.9277109,"Oost-Vlaanderen","België"
9340,"Wanzele",50.9741071,3.9558401,"Oost-Vlaanderen","België"
9400,"Appelterre-Eichem",50.8187951,3.9669736,"Oost-Vlaanderen","België"
9400,"Denderwindeke",50.7980879,4.0247359,"Oost-Vlaanderen","België"
9400,"Lieferinge",50.7919279,4.0525752,"Oost-Vlaanderen","België"
9400,"Nederhasselt",50.8468981,3.9751089,"Oost-Vlaanderen","België"
9400,"Ninove",50.8336435,4.0188030,"Oost-Vlaanderen","België"
9400,"Okegem",50.8554922,4.0555127,"Oost-Vlaanderen","België"
9400,"Voorde",50.8246285,3.9448617,"Oost-Vlaanderen","België"
9401,"Pollare",50.8172312,4.0068855,"Oost-Vlaanderen","België"
9402,"Meerbeke",50.8238384,4.0407347,"Oost-Vlaanderen","België"
9403,"Neigem",50.8033904,4.0618153,"Oost-Vlaanderen","België"
9404,"Aspelare",50.8433311,3.9574710,"Oost-Vlaanderen","België"
9406,"Outer",50.8416281,3.9993364,"Oost-Vlaanderen","België"
9420,"Aaigem",50.8891580,3.9372245,"Oost-Vlaanderen","België"
9420,"Bambrugge",50.9218777,3.9287832,"Oost-Vlaanderen","België"
9420,"Burst",50.9134028,3.9202801,"Oost-Vlaanderen","België"
9420,"Erondegem",50.9408215,3.9554259,"Oost-Vlaanderen","België"
9420,"Erpe",50.9338285,3.9768861,"Oost-Vlaanderen","België"
9420,"Erpe-Mere",50.9141370,3.9568328,"Oost-Vlaanderen","België"
9420,"Mere",50.9224188,3.9680530,"Oost-Vlaanderen","België"
9420,"Ottergem",50.9338291,3.9446055,"Oost-Vlaanderen","België"
9420,"Vlekkem",50.9364320,3.9316060,"Oost-Vlaanderen","België"
9450,"Denderhoutem",50.8709652,4.0184815,"Oost-Vlaanderen","België"
9450,"Haaltert",50.9024400,4.0056515,"Oost-Vlaanderen","België"
9450,"Heldergem",50.8749786,3.9606280,"Oost-Vlaanderen","België"
9451,"Kerksken",50.8902903,3.9920928,"Oost-Vlaanderen","België"
9470,"Denderleeuw",50.8841490,4.0707683,"Oost-Vlaanderen","België"
9472,"Iddergem",50.8745041,4.0487529,"Oost-Vlaanderen","België"
9473,"Welle",50.8990369,4.0555870,"Oost-Vlaanderen","België"
9500,"Geraardsbergen",50.7705978,3.8871336,"Oost-Vlaanderen","België"
9500,"Goeferdinge",50.7673697,3.8414944,"Oost-Vlaanderen","België"
9500,"Moerbeke",50.7524370,3.9179326,"Oost-Vlaanderen","België"
9500,"Nederboelare",50.7707473,3.8630757,"Oost-Vlaanderen","België"
9500,"Onkerzele",50.7854778,3.9164649,"Oost-Vlaanderen","België"
9500,"Ophasselt",50.8211821,3.8913282,"Oost-Vlaanderen","België"
9500,"Overboelare",50.7622737,3.8630955,"Oost-Vlaanderen","België"
9500,"Viane",50.7435153,3.9227668,"Oost-Vlaanderen","België"
9500,"Zarlardinge",50.7621167,3.8286395,"Oost-Vlaanderen","België"
9506,"Grimminge",50.7938805,3.9441263,"Oost-Vlaanderen","België"
9506,"Idegem",50.7999931,3.9267805,"Oost-Vlaanderen","België"
9506,"Nieuwenhove",50.7875782,3.9866164,"Oost-Vlaanderen","België"
9506,"Schendelbeke",50.7957523,3.8948669,"Oost-Vlaanderen","België"
9506,"Smeerebbe-Vloerzegem",50.8157120,3.9210352,"Oost-Vlaanderen","België"
9506,"Waarbeke",50.7782217,3.9687964,"Oost-Vlaanderen","België"
9506,"Zandbergen",50.8026594,3.9662751,"Oost-Vlaanderen","België"
9520,"Bavegem",50.9442706,3.8657862,"Oost-Vlaanderen","België"
9520,"Oombergen",50.9090041,3.8450079,"Oost-Vlaanderen","België"
9520,"Sint-Lievens-Houtem",50.9206626,3.8544167,"Oost-Vlaanderen","België"
9520,"Vlierzele",50.9312501,3.8956082,"Oost-Vlaanderen","België"
9520,"Zonnegem",50.9262262,3.9087653,"Oost-Vlaanderen","België"
9521,"Letterhoutem",50.9263891,3.8820403,"Oost-Vlaanderen","België"
9550,"Herzele",50.8535314,3.8986569,"Oost-Vlaanderen","België"
9550,"Hillegem",50.8955518,3.8541872,"Oost-Vlaanderen","België"
9550,"Sint-Antelinks",50.8502170,3.9253359,"Oost-Vlaanderen","België"
9550,"Sint-Lievens-Esse",50.8570756,3.8855951,"Oost-Vlaanderen","België"
9550,"Steenhuize-Wijnhuize",50.8457249,3.8757417,"Oost-Vlaanderen","België"
9550,"Woubrechtegem",50.8729342,3.9158202,"Oost-Vlaanderen","België"
9551,"Ressegem",50.8920412,3.9096039,"Oost-Vlaanderen","België"
9552,"Borsbeke",50.9048954,3.8932000,"Oost-Vlaanderen","België"
9570,"Deftinge",50.7873351,3.8396638,"Oost-Vlaanderen","België"
9570,"Lierde",50.8190695,3.8381658,"Oost-Vlaanderen","België"
9570,"Sint-Maria-Lierde",50.8183551,3.8390631,"Oost-Vlaanderen","België"
9571,"Hemelveerdegem",50.8069634,3.8569442,"Oost-Vlaanderen","België"
9572,"Sint-Martens-Lierde",50.8046682,3.8227044,"Oost-Vlaanderen","België"
9600,"Ronse",50.7505367,3.6005095,"Oost-Vlaanderen","België"
9620,"Elene",50.8904140,3.8102911,"Oost-Vlaanderen","België"
9620,"Erwetegem",50.8534264,3.8187486,"Oost-Vlaanderen","België"
9620,"Godveerdegem",50.8622630,3.8299361,"Oost-Vlaanderen","België"
9620,"Grotenberge",50.8730328,3.8334131,"Oost-Vlaanderen","België"
9620,"Leeuwergem",50.8881102,3.8302773,"Oost-Vlaanderen","België"
9620,"Oombergen",50.8990217,3.8370058,"Oost-Vlaanderen","België"
9620,"Sint-Goriks-Oudenhove",50.8534510,3.7861968,"Oost-Vlaanderen","België"
9620,"Sint-Maria-Oudenhove",50.8332892,3.7961149,"Oost-Vlaanderen","België"
9620,"Strijpen",50.8680225,3.7876333,"Oost-Vlaanderen","België"
9620,"Velzeke-Ruddershove",50.8856442,3.7808616,"Oost-Vlaanderen","België"
9620,"Zottegem",50.8695474,3.8107094,"Oost-Vlaanderen","België"
9630,"Beerlegem",50.9058963,3.7167363,"Oost-Vlaanderen","België"
9630,"Dikkele",50.9041388,3.7421149,"Oost-Vlaanderen","België"
9630,"Hundelgem",50.8895095,3.7483584,"Oost-Vlaanderen","België"
9630,"Meilegem",50.9049599,3.6989579,"Oost-Vlaanderen","België"
9630,"Munkzwalm",50.8778017,3.7330622,"Oost-Vlaanderen","België"
9630,"Paulatem",50.8962994,3.7156505,"Oost-Vlaanderen","België"
9630,"Roborst",50.8626053,3.7637433,"Oost-Vlaanderen","België"
9630,"Rozebeke",50.8496528,3.7527652,"Oost-Vlaanderen","België"
9630,"Sint-Blasius-Boekel",50.8516744,3.7193830,"Oost-Vlaanderen","België"
9630,"Sint-Denijs-Boekel",50.8649078,3.7113360,"Oost-Vlaanderen","België"
9630,"Sint-Maria-Latem",50.8902110,3.7068644,"Oost-Vlaanderen","België"
9630,"Zwalm",50.8799184,3.7288705,"Oost-Vlaanderen","België"
9636,"Nederzwalm-Hermelgem",50.8875058,3.6863847,"Oost-Vlaanderen","België"
9660,"Brakel",50.8027600,3.7638200,"Oost-Vlaanderen","België"
9660,"Elst",50.8312919,3.7386165,"Oost-Vlaanderen","België"
9660,"Everbeek",50.7629802,3.8082788,"Oost-Vlaanderen","België"
9660,"Michelbeke",50.8334231,3.7629436,"Oost-Vlaanderen","België"
9660,"Nederbrakel",50.8030762,3.7521934,"Oost-Vlaanderen","België"
9660,"Opbrakel",50.7970364,3.7569851,"Oost-Vlaanderen","België"
9660,"Sint-Maria-Oudenhove",50.8212854,3.7846312,"Oost-Vlaanderen","België"
9660,"Zegelsem",50.8188341,3.7181357,"Oost-Vlaanderen","België"
9661,"Parike",50.7848195,3.7979447,"Oost-Vlaanderen","België"
9667,"Horebeke",50.8372000,3.6867200,"Oost-Vlaanderen","België"
9667,"Sint-Kornelis-Horebeke",50.8344260,3.6983276,"Oost-Vlaanderen","België"
9667,"Sint-Maria-Horebeke",50.8404900,3.6915960,"Oost-Vlaanderen","België"
9680,"Etikhove",50.8125270,3.6266634,"Oost-Vlaanderen","België"
9680,"Maarke-Kerkem",50.8159061,3.6543619,"Oost-Vlaanderen","België"
9680,"Maarkedal",50.7992486,3.6442007,"Oost-Vlaanderen","België"
9681,"Nukerke",50.7970300,3.5947056,"Oost-Vlaanderen","België"
9688,"Schorisse",50.8044682,3.6769838,"Oost-Vlaanderen","België"
9690,"Berchem",50.7901621,3.5095443,"Oost-Vlaanderen","België"
9690,"Kluisbergen",50.7784304,3.4935589,"Oost-Vlaanderen","België"
9690,"Kwaremont",50.7767287,3.5253769,"Oost-Vlaanderen","België"
9690,"Ruien",50.7707250,3.4829674,"Oost-Vlaanderen","België"
9690,"Zulzeke",50.7889651,3.5708891,"Oost-Vlaanderen","België"
9700,"Bevere",50.8523695,3.5875451,"Oost-Vlaanderen","België"
9700,"Edelare",50.8302334,3.6287307,"Oost-Vlaanderen","België"
9700,"Eine",50.8679370,3.6207440,"Oost-Vlaanderen","België"
9700,"Ename",50.8570277,3.6319101,"Oost-Vlaanderen","België"
9700,"Heurne",50.8837448,3.6287389,"Oost-Vlaanderen","België"
9700,"Leupegem",50.8329265,3.6018007,"Oost-Vlaanderen","België"
9700,"Mater",50.8424603,3.6635537,"Oost-Vlaanderen","België"
9700,"Melden",50.8138095,3.5642799,"Oost-Vlaanderen","België"
9700,"Mullem",50.8912265,3.6030581,"Oost-Vlaanderen","België"
9700,"Nederename",50.8667191,3.6348815,"Oost-Vlaanderen","België"
9700,"Ooike",50.8675682,3.5771661,"Oost-Vlaanderen","België"
9700,"Oudenaarde",50.8469306,3.6014367,"Oost-Vlaanderen","België"
9700,"Volkegem",50.8393802,3.6427814,"Oost-Vlaanderen","België"
9700,"Welden",50.8784011,3.6555399,"Oost-Vlaanderen","België"
9750,"Huise",50.8993266,3.5896534,"Oost-Vlaanderen","België"
9750,"Ouwegem",50.9115762,3.5992209,"Oost-Vlaanderen","België"
"9750,9770","Kruisem",50.9166667,3.5666667,"Oost-Vlaanderen","België"
9771,"Nokere",50.8850943,3.5105895,"Oost-Vlaanderen","België"
9772,"Wannegem-Lede",50.8898020,3.5515066,"Oost-Vlaanderen","België"
9790,"Elsegem",50.8245725,3.5353615,"Oost-Vlaanderen","België"
9790,"Moregem",50.8504552,3.5614071,"Oost-Vlaanderen","België"
9790,"Ooike",50.8698651,3.5510607,"Oost-Vlaanderen","België"
9790,"Petegem-Aan-De-Schelde",50.8333051,3.5560780,"Oost-Vlaanderen","België"
9790,"Wortegem",50.8520887,3.5102432,"Oost-Vlaanderen","België"
9790,"Wortegem-Petegem",50.8445045,3.5268826,"Oost-Vlaanderen","België"
9800,"Astene",50.9837892,3.5604333,"Oost-Vlaanderen","België"
9800,"Bachte-Maria-Leerne",51.0108541,3.5783676,"Oost-Vlaanderen","België"
"9800,9850","Deinze",50.9833333,3.5272222,"Oost-Vlaanderen","België"
9800,"Gottem",50.9649581,3.4613450,"Oost-Vlaanderen","België"
9800,"Grammene",50.9771417,3.4648864,"Oost-Vlaanderen","België"
9800,"Meigem",51.0168961,3.5404289,"Oost-Vlaanderen","België"
9800,"Petegem-Aan-De-Leie",50.9800082,3.5338779,"Oost-Vlaanderen","België"
9800,"Sint-Martens-Leerne",51.0154398,3.5877172,"Oost-Vlaanderen","België"
9800,"Vinkt",51.0081641,3.4793989,"Oost-Vlaanderen","België"
9800,"Wontergem",50.9794219,3.4445577,"Oost-Vlaanderen","België"
9800,"Zeveren",50.9962852,3.5011056,"Oost-Vlaanderen","België"
9810,"Eke",50.9580565,3.6374551,"Oost-Vlaanderen","België"
9810,"Nazareth",50.9597659,3.5951408,"Oost-Vlaanderen","België"
9820,"Bottelare",50.9631988,3.7537909,"Oost-Vlaanderen","België"
9820,"Lemberge",50.9781227,3.7729677,"Oost-Vlaanderen","België"
9820,"Melsen",50.9563191,3.6940645,"Oost-Vlaanderen","België"
9820,"Merelbeke",50.9945472,3.7455438,"Oost-Vlaanderen","België"
9820,"Munte",50.9450049,3.7441552,"Oost-Vlaanderen","België"
9820,"Schelderode",50.9713789,3.7155352,"Oost-Vlaanderen","België"
9830,"Sint-Martens-Latem",51.0135066,3.6287716,"Oost-Vlaanderen","België"
9831,"Deurle",51.0092272,3.6043494,"Oost-Vlaanderen","België"
9840,"De Pinte",50.9917700,3.6493600,"Oost-Vlaanderen","België"
9840,"Zevergem",50.9791445,3.6961517,"Oost-Vlaanderen","België"
9850,"Hansbeke",51.0747168,3.5356476,"Oost-Vlaanderen","België"
9850,"Landegem",51.0567048,3.5731481,"Oost-Vlaanderen","België"
9850,"Merendree",51.0777421,3.5770220,"Oost-Vlaanderen","België"
9850,"Poesele",51.0339910,3.5161497,"Oost-Vlaanderen","België"
9850,"Vosselare",51.0294647,3.5574385,"Oost-Vlaanderen","België"
9860,"Balegem",50.9204927,3.7934984,"Oost-Vlaanderen","België"
9860,"Gijzenzele",50.9710111,3.8165185,"Oost-Vlaanderen","België"
9860,"Landskouter",50.9683883,3.7928735,"Oost-Vlaanderen","België"
9860,"Moortsele",50.9590134,3.7794620,"Oost-Vlaanderen","België"
9860,"Oosterzele",50.9467656,3.8155050,"Oost-Vlaanderen","België"
9860,"Scheldewindeke",50.9380652,3.7847942,"Oost-Vlaanderen","België"
9870,"Machelen",50.9588220,3.4880452,"Oost-Vlaanderen","België"
9870,"Olsene",50.9362129,3.4657328,"Oost-Vlaanderen","België"
9870,"Zulte",50.9219215,3.4437734,"Oost-Vlaanderen","België"
"9880,9910","Aalter",51.0833333,3.4500000,"Oost-Vlaanderen","België"
9880,"Lotenhulle",51.0483873,3.4655772,"Oost-Vlaanderen","België"
9880,"Poeke",51.0409350,3.4440488,"Oost-Vlaanderen","België"
9881,"Bellem",51.0884355,3.4906454,"Oost-Vlaanderen","België"
9890,"Asper",50.9160245,3.6510321,"Oost-Vlaanderen","België"
9890,"Baaigem",50.9296017,3.7219346,"Oost-Vlaanderen","België"
9890,"Dikkelvenne",50.9190023,3.6874247,"Oost-Vlaanderen","België"
9890,"Gavere",50.9283314,3.6599198,"Oost-Vlaanderen","België"
9890,"Semmerzake",50.9430929,3.6647202,"Oost-Vlaanderen","België"
9890,"Vurste",50.9490931,3.6843031,"Oost-Vlaanderen","België"
9900,"Eeklo",51.1852719,3.5638899,"Oost-Vlaanderen","België"
9910,"Ursel",51.1294092,3.4856153,"Oost-Vlaanderen","België"
"9920,9930,9950","Lievegem",51.1333333,3.6000000,"Oost-Vlaanderen","België"
9920,"Lovendegem",51.1075935,3.6285575,"Oost-Vlaanderen","België"
9921,"Vinderhoute",51.0869089,3.6407214,"Oost-Vlaanderen","België"
9931,"Oostwinkel",51.1508463,3.5252604,"Oost-Vlaanderen","België"
9932,"Ronsele",51.1309736,3.5516605,"Oost-Vlaanderen","België"
9940,"Ertvelde",51.1787632,3.7466865,"Oost-Vlaanderen","België"
9940,"Evergem",51.1101028,3.7067231,"Oost-Vlaanderen","België"
9940,"Kluizen",51.1557298,3.7303321,"Oost-Vlaanderen","België"
9940,"Sleidinge",51.1319702,3.6789117,"Oost-Vlaanderen","België"
9960,"Assenede",51.2269806,3.7510157,"Oost-Vlaanderen","België"
9961,"Boekhoute",51.2581738,3.7181501,"Oost-Vlaanderen","België"
9968,"Bassevelde",51.2300624,3.6777432,"Oost-Vlaanderen","België"
9968,"Oosteeklo",51.1920171,3.6883778,"Oost-Vlaanderen","België"
9970,"Kaprijke",51.2230750,3.6186057,"Oost-Vlaanderen","België"
9971,"Lembeke",51.1945809,3.6330207,"Oost-Vlaanderen","België"
9980,"Sint-Laureins",51.2361689,3.5329424,"Oost-Vlaanderen","België"
9981,"Sint-Margriete",51.2803944,3.5469357,"Oost-Vlaanderen","België"
9982,"Sint-Jan-In-Eremo",51.2737009,3.5768505,"Oost-Vlaanderen","België"
9988,"Waterland-Oudeman",51.2888925,3.5902999,"Oost-Vlaanderen","België"
9988,"Watervliet",51.2765175,3.6270198,"Oost-Vlaanderen","België"
9990,"Maldegem",51.2090820,3.4486611,"Oost-Vlaanderen","België"
9991,"Adegem",51.2046849,3.4868397,"Oost-Vlaanderen","België"
9992,"Middelburg",51.2547106,3.4150935,"Oost-Vlaanderen","België"
